date_key,dest_region_id,region_name,category_id,category_name,inbound_volume,prediction,prediction_model,seasonal_naive,horizon,q10,q50,q75,q90
2025-07-02,1,강남구,1,패션/잡화,606,573.14,573.14,546.0,1,504.12,559.87,596.87,614.92
2025-07-02,9,노원구,5,도서/문구,126,121.25,121.25,126.0,1,107.08,124.16,135.97,144.36
2025-07-02,16,성동구,4,전자/가전,91,102.52,102.52,113.0,1,87.01,104.6,112.74,118.89
2025-07-02,24,중구,2,식품/신선,62,66.44,66.44,71.0,1,58.1,68.33,73.94,84.99
2025-07-02,9,노원구,4,전자/가전,165,148.63,148.63,155.0,1,134.8,155.45,165.97,174.48
2025-07-02,2,강동구,5,도서/문구,130,135.93,135.93,129.0,1,120.13,134.0,144.46,151.45
2025-07-02,16,성동구,5,도서/문구,104,84.35,84.35,82.0,1,70.66,86.64,90.68,103.23
2025-07-02,9,노원구,3,생활용품,394,400.83,400.83,398.0,1,360.97,396.06,418.3,433.25
2025-07-02,24,중구,1,패션/잡화,74,70.7,70.7,59.0,1,61.04,69.08,76.18,89.32
2025-07-02,17,성북구,1,패션/잡화,300,267.77,267.77,257.0,1,242.5,272.13,274.96,289.06
2025-07-02,17,성북구,2,식품/신선,272,273.81,273.81,270.0,1,245.58,273.45,288.49,295.25
2025-07-02,16,성동구,3,생활용품,300,257.19,257.19,237.0,1,225.92,257.93,268.15,279.69
2025-07-02,3,강북구,1,패션/잡화,153,155.44,155.44,160.0,1,141.0,161.2,170.05,182.19
2025-07-02,17,성북구,3,생활용품,297,326.17,326.17,322.0,1,292.81,324.71,339.41,356.66
2025-07-02,23,종로구,5,도서/문구,35,35.36,35.36,28.0,1,25.96,32.94,38.38,56.46
2025-07-02,9,노원구,1,패션/잡화,320,341.83,341.83,329.0,1,312.39,339.54,361.79,360.12
2025-07-02,17,성북구,4,전자/가전,113,128.41,128.41,120.0,1,110.57,127.94,136.42,143.37
2025-07-02,3,강북구,2,식품/신선,173,169.42,169.42,166.0,1,153.92,171.5,177.57,190.62
2025-07-02,8,금천구,5,도서/문구,57,49.19,49.19,46.0,1,39.44,51.72,54.13,60.96
2025-07-02,17,성북구,5,도서/문구,106,110.43,110.43,118.0,1,95.98,111.64,119.47,125.44
2025-07-02,23,종로구,4,전자/가전,45,42.32,42.32,44.0,1,32.57,41.15,45.32,56.77
2025-07-02,8,금천구,4,전자/가전,57,58.7,58.7,51.0,1,48.91,62.3,67.02,74.94
2025-07-02,18,송파구,1,패션/잡화,639,669.29,669.29,658.0,1,599.26,656.16,686.55,716.85
2025-07-02,9,노원구,2,식품/신선,334,340.13,340.13,354.0,1,315.24,343.44,354.94,369.77
2025-07-02,3,강북구,3,생활용품,202,171.72,171.72,171.0,1,157.45,168.44,179.02,190.51
2025-07-02,2,강동구,4,전자/가전,148,154.86,154.86,150.0,1,139.18,155.59,167.46,177.48
2025-07-02,24,중구,3,생활용품,94,93.27,93.27,94.0,1,79.83,95.34,100.76,109.2
2025-07-02,1,강남구,5,도서/문구,212,223.72,223.72,208.0,1,197.71,221.61,238.08,251.94
2025-07-02,14,서대문구,5,도서/문구,84,88.77,88.77,76.0,1,75.47,93.82,94.84,106.98
2025-07-02,11,동대문구,3,생활용품,277,279.29,279.29,290.0,1,250.82,285.67,298.42,301.46
2025-07-02,15,서초구,1,패션/잡화,350,387.73,387.73,374.0,1,346.86,384.01,403.92,408.87
2025-07-02,25,중랑구,1,패션/잡화,252,244.25,244.25,254.0,1,212.79,243.72,255.65,273.65
2025-07-02,11,동대문구,2,식품/신선,229,240.8,240.8,241.0,1,213.43,244.94,250.21,263.1
2025-07-02,2,강동구,1,패션/잡화,359,367.78,367.78,380.0,1,332.81,366.09,386.91,388.66
2025-07-02,15,서초구,2,식품/신선,354,373.91,373.91,349.0,1,331.35,364.19,389.05,403.04
2025-07-02,11,동대문구,1,패션/잡화,275,237.1,237.1,237.0,1,208.78,245.05,241.54,262.6
2025-07-02,15,서초구,3,생활용품,423,415.04,415.04,410.0,1,368.66,410.2,436.55,439.36
2025-07-02,10,도봉구,1,패션/잡화,150,162.78,162.78,162.0,1,141.6,165.52,173.28,184.9
2025-07-02,24,중구,5,도서/문구,26,35.36,35.36,20.0,1,22.89,31.89,36.9,56.46
2025-07-02,2,강동구,2,식품/신선,323,360.61,360.61,349.0,1,324.44,354.61,373.19,383.7
2025-07-02,15,서초구,4,전자/가전,169,164.42,164.42,172.0,1,146.61,169.88,178.69,182.49
2025-07-02,10,도봉구,4,전자/가전,80,74.04,74.04,76.0,1,64.62,74.41,83.02,93.99
2025-07-02,15,서초구,5,도서/문구,165,122.98,122.98,116.0,1,106.84,120.43,130.91,139.75
2025-07-02,24,중구,4,전자/가전,36,36.08,36.08,32.0,1,26.49,35.32,40.41,56.77
2025-07-02,10,도봉구,3,생활용품,218,210.74,210.74,206.0,1,181.34,212.0,216.64,227.67
2025-07-02,2,강동구,3,생활용품,407,410.18,410.18,398.0,1,369.96,407.3,427.39,437.87
2025-07-02,16,성동구,1,패션/잡화,221,225.97,225.97,218.0,1,204.91,231.11,233.94,252.14
2025-07-02,10,도봉구,2,식품/신선,161,167.08,167.08,165.0,1,152.25,170.43,176.71,189.3
2025-07-02,16,성동구,2,식품/신선,231,222.15,222.15,223.0,1,202.39,216.55,233.42,257.08
2025-07-02,10,도봉구,5,도서/문구,66,70.86,70.86,66.0,1,60.74,73.46,78.42,87.59
2025-07-02,11,동대문구,4,전자/가전,121,98.46,98.46,103.0,1,86.75,102.46,110.49,120.01
2025-07-02,8,금천구,3,생활용품,148,148.0,148.0,158.0,1,132.14,154.03,159.78,174.41
2025-07-02,23,종로구,3,생활용품,92,93.64,93.64,103.0,1,77.3,94.94,102.71,111.5
2025-07-02,20,영등포구,1,패션/잡화,313,322.02,322.02,298.0,1,282.57,317.95,332.39,345.34
2025-07-02,4,강서구,3,생활용품,525,553.2,553.2,560.0,1,505.55,546.26,587.03,597.53
2025-07-02,20,영등포구,2,식품/신선,329,313.97,313.97,315.0,1,285.27,319.12,322.91,326.22
2025-07-02,6,광진구,3,생활용품,276,271.77,271.77,265.0,1,245.46,273.47,282.99,296.84
2025-07-02,20,영등포구,3,생활용품,346,362.04,362.04,350.0,1,326.62,356.3,372.66,383.97
2025-07-02,22,은평구,2,식품/신선,294,326.11,326.11,331.0,1,298.12,324.97,339.07,344.45
2025-07-02,6,광진구,2,식품/신선,240,228.69,228.69,220.0,1,213.61,228.02,245.14,263.38
2025-07-02,4,강서구,4,전자/가전,203,233.29,233.29,237.0,1,203.48,237.09,239.1,254.1
2025-07-02,20,영등포구,4,전자/가전,152,150.13,150.13,151.0,1,138.17,153.03,162.88,166.43
2025-07-02,6,광진구,1,패션/잡화,192,268.86,268.86,257.0,1,237.13,266.93,274.33,285.7
2025-07-02,6,광진구,4,전자/가전,108,109.85,109.85,121.0,1,91.53,111.15,123.79,136.29
2025-07-02,20,영등포구,5,도서/문구,124,128.23,128.23,124.0,1,114.44,128.79,137.42,141.93
2025-07-02,4,강서구,5,도서/문구,183,197.36,197.36,184.0,1,169.15,196.45,200.44,217.02
2025-07-02,5,관악구,5,도서/문구,150,144.5,144.5,133.0,1,131.6,151.96,163.38,170.3
2025-07-02,21,용산구,1,패션/잡화,182,175.34,175.34,170.0,1,157.13,176.96,191.28,204.11
2025-07-02,5,관악구,4,전자/가전,182,190.72,190.72,190.0,1,163.53,183.2,194.28,202.77
2025-07-02,21,용산구,2,식품/신선,190,178.25,178.25,180.0,1,159.17,174.87,182.71,192.46
2025-07-02,21,용산구,5,도서/문구,66,66.18,66.18,72.0,1,59.13,69.48,77.0,86.96
2025-07-02,5,관악구,1,패션/잡화,420,396.94,396.94,373.0,1,349.93,390.87,411.48,421.28
2025-07-02,5,관악구,3,생활용품,419,440.71,440.71,423.0,1,401.05,438.39,457.53,471.67
2025-07-02,21,용산구,3,생활용품,191,198.42,198.42,195.0,1,173.27,195.33,205.34,214.74
2025-07-02,5,관악구,2,식품/신선,379,404.44,404.44,413.0,1,362.36,403.52,430.47,431.87
2025-07-02,22,은평구,1,패션/잡화,287,306.86,306.86,294.0,1,274.6,301.91,318.24,319.02
2025-07-02,18,송파구,2,식품/신선,638,632.74,632.74,621.0,1,567.69,617.56,648.85,670.31
2025-07-02,22,은평구,3,생활용품,373,354.74,354.74,351.0,1,321.7,352.56,368.91,373.85
2025-07-02,6,광진구,5,도서/문구,107,84.94,84.94,95.0,1,72.4,86.2,97.4,107.85
2025-07-02,8,금천구,2,식품/신선,122,134.05,134.05,132.0,1,121.4,140.77,145.39,151.4
2025-07-02,18,송파구,3,생활용품,742,708.27,708.27,688.0,1,641.8,691.11,727.19,749.47
2025-07-02,3,강북구,4,전자/가전,65,74.8,74.8,73.0,1,65.77,76.39,81.91,92.77
2025-07-02,8,금천구,1,패션/잡화,140,120.16,120.16,105.0,1,111.84,129.19,136.99,141.12
2025-07-02,18,송파구,4,전자/가전,278,311.05,311.05,316.0,1,287.01,315.9,320.65,325.84
2025-07-02,23,종로구,2,식품/신선,79,82.85,82.85,92.0,1,69.18,85.61,88.99,102.26
2025-07-02,7,구로구,5,도서/문구,105,96.21,96.21,87.0,1,81.49,100.73,106.47,114.73
2025-07-02,18,송파구,5,도서/문구,225,261.73,261.73,253.0,1,231.83,258.46,271.39,286.54
2025-07-02,23,종로구,1,패션/잡화,85,80.24,80.24,76.0,1,68.09,80.92,87.46,99.71
2025-07-02,3,강북구,5,도서/문구,56,56.64,56.64,49.0,1,45.65,58.18,62.58,72.57
2025-07-02,19,양천구,5,도서/문구,136,107.87,107.87,112.0,1,96.03,110.19,118.98,126.71
2025-07-02,7,구로구,4,전자/가전,105,126.99,126.99,121.0,1,111.37,128.6,137.54,143.81
2025-07-02,7,구로구,3,생활용품,309,323.87,323.87,312.0,1,290.05,318.57,339.52,351.5
2025-07-02,22,은평구,5,도서/문구,105,118.74,118.74,118.0,1,103.12,120.33,128.6,136.12
2025-07-02,19,양천구,2,식품/신선,333,304.56,304.56,298.0,1,275.32,302.29,308.64,316.36
2025-07-02,4,강서구,1,패션/잡화,445,482.94,482.94,487.0,1,440.13,477.62,501.22,527.77
2025-07-02,7,구로구,2,식품/신선,230,279.73,279.73,276.0,1,245.84,273.84,293.94,301.05
2025-07-02,19,양천구,3,생활용품,338,328.1,328.1,309.0,1,294.88,325.35,346.4,352.88
2025-07-02,7,구로구,1,패션/잡화,264,304.63,304.63,283.0,1,266.56,299.59,314.88,326.52
2025-07-02,22,은평구,4,전자/가전,135,132.48,132.48,151.0,1,117.36,137.81,146.04,158.66
2025-07-02,19,양천구,4,전자/가전,124,140.99,140.99,142.0,1,120.34,139.05,152.63,163.4
2025-07-02,4,강서구,2,식품/신선,453,467.61,467.61,469.0,1,418.23,461.42,485.79,498.8
2025-07-02,19,양천구,1,패션/잡화,272,330.61,330.61,334.0,1,306.99,333.44,345.8,355.87
2025-07-02,25,중랑구,2,식품/신선,223,239.46,239.46,237.0,1,209.08,245.81,249.96,266.49
2025-07-02,21,용산구,4,전자/가전,76,74.63,74.63,67.0,1,62.52,76.44,83.18,94.76
2025-07-02,25,중랑구,3,생활용품,240,282.7,282.7,261.0,1,251.32,282.16,296.36,302.34
2025-07-02,13,마포구,2,식품/신선,329,334.39,334.39,328.0,1,306.32,334.19,345.32,355.97
2025-07-02,13,마포구,5,도서/문구,111,115.96,115.96,91.0,1,98.43,121.53,132.1,136.09
2025-07-02,13,마포구,1,패션/잡화,338,338.97,338.97,318.0,1,302.04,332.5,352.86,361.1
2025-07-02,1,강남구,2,식품/신선,575,590.3,590.3,607.0,1,531.18,585.82,629.16,641.95
2025-07-02,11,동대문구,5,도서/문구,76,86.65,86.65,85.0,1,74.04,86.54,92.02,102.8
2025-07-02,12,동작구,3,생활용품,335,323.63,323.63,306.0,1,287.8,318.57,339.52,347.78
2025-07-02,14,서대문구,2,식품/신선,201,216.73,216.73,215.0,1,191.68,219.94,225.81,242.07
2025-07-02,1,강남구,4,전자/가전,248,281.79,281.79,275.0,1,255.81,281.1,292.28,304.6
2025-07-02,14,서대문구,4,전자/가전,86,92.83,92.83,94.0,1,79.48,93.39,100.85,109.05
2025-07-02,25,중랑구,5,도서/문구,105,97.26,97.26,99.0,1,80.69,98.81,104.53,112.02
2025-07-02,14,서대문구,1,패션/잡화,195,215.39,215.39,199.0,1,185.5,213.53,224.95,238.48
2025-07-02,13,마포구,3,생활용품,360,383.7,383.7,374.0,1,341.8,384.11,401.66,408.87
2025-07-02,25,중랑구,4,전자/가전,116,111.5,111.5,106.0,1,98.94,111.25,120.98,130.42
2025-07-02,12,동작구,5,도서/문구,96,98.79,98.79,105.0,1,87.78,101.76,107.7,117.44
2025-07-02,12,동작구,2,식품/신선,252,287.9,287.9,296.0,1,257.14,288.08,298.92,301.9
2025-07-02,12,동작구,1,패션/잡화,263,276.17,276.17,266.0,1,245.58,274.87,292.75,299.22
2025-07-02,12,동작구,4,전자/가전,126,132.31,132.31,131.0,1,119.8,129.87,140.47,149.3
2025-07-02,14,서대문구,3,생활용품,231,242.07,242.07,238.0,1,209.61,248.42,253.62,266.73
2025-07-02,1,강남구,3,생활용품,679,686.69,686.69,642.0,1,608.76,670.39,688.54,725.72
2025-07-02,13,마포구,4,전자/가전,141,155.14,155.14,149.0,1,148.63,157.68,168.69,180.65
2025-07-03,21,용산구,4,전자/가전,66,77.22,77.22,65.0,2,63.88,78.51,85.79,96.27
2025-07-03,13,마포구,3,생활용품,357,361.92,361.92,358.0,2,331.29,369.36,369.87,375.06
2025-07-03,17,성북구,2,식품/신선,223,245.21,245.21,230.0,2,222.63,250.72,257.55,268.0
2025-07-03,12,동작구,2,식품/신선,250,228.01,228.01,221.0,2,198.59,229.43,245.97,252.71
2025-07-03,9,노원구,2,식품/신선,302,307.23,307.23,280.0,2,274.69,303.98,331.99,333.51
2025-07-03,6,광진구,3,생활용품,299,268.17,268.17,255.0,2,238.48,266.54,277.47,290.65
2025-07-03,17,성북구,1,패션/잡화,273,280.38,280.38,285.0,2,259.55,286.31,298.67,304.87
2025-07-03,20,영등포구,2,식품/신선,293,277.59,277.59,277.0,2,251.04,276.43,291.53,299.85
2025-07-03,24,중구,1,패션/잡화,77,78.56,78.56,74.0,2,64.97,77.02,83.27,95.18
2025-07-03,14,서대문구,1,패션/잡화,198,207.78,207.78,213.0,2,188.7,207.17,213.97,228.63
2025-07-03,3,강북구,1,패션/잡화,158,162.6,162.6,157.0,2,149.2,163.83,174.59,182.39
2025-07-03,16,성동구,5,도서/문구,74,82.04,82.04,76.0,2,67.98,81.01,87.42,101.09
2025-07-03,20,영등포구,3,생활용품,371,363.04,363.04,363.0,2,329.71,362.67,378.28,385.39
2025-07-03,16,성동구,2,식품/신선,200,207.55,207.55,235.0,2,183.17,213.06,232.41,247.89
2025-07-03,24,중구,3,생활용품,87,84.3,84.3,87.0,2,72.15,86.69,91.98,101.53
2025-07-03,20,영등포구,5,도서/문구,130,118.61,118.61,104.0,2,107.45,121.17,132.59,138.7
2025-07-03,6,광진구,1,패션/잡화,237,233.25,233.25,212.0,2,206.54,226.99,252.01,268.33
2025-07-03,10,도봉구,1,패션/잡화,156,154.24,154.24,162.0,2,137.09,158.34,170.93,179.44
2025-07-03,14,서대문구,2,식품/신선,183,184.74,184.74,174.0,2,161.72,187.98,196.11,206.58
2025-07-03,2,강동구,4,전자/가전,141,173.06,173.06,186.0,2,149.04,172.71,182.61,190.24
2025-07-03,16,성동구,3,생활용품,248,245.19,245.19,238.0,2,222.51,254.29,251.98,272.73
2025-07-03,20,영등포구,4,전자/가전,167,147.57,147.57,153.0,2,135.44,148.95,155.19,166.48
2025-07-03,9,노원구,3,생활용품,380,379.92,379.92,373.0,2,337.96,380.54,390.61,400.75
2025-07-03,9,노원구,5,도서/문구,145,125.04,125.04,122.0,2,109.23,126.0,134.89,142.06
2025-07-03,24,중구,2,식품/신선,66,68.52,68.52,66.0,2,57.05,68.98,73.25,80.39
2025-07-03,16,성동구,4,전자/가전,87,101.2,101.2,96.0,2,85.98,102.52,109.67,118.54
2025-07-03,4,강서구,4,전자/가전,207,226.72,226.72,222.0,2,204.4,224.05,243.33,260.97
2025-07-03,6,광진구,2,식품/신선,237,214.07,214.07,204.0,2,186.66,216.84,223.51,238.36
2025-07-03,9,노원구,4,전자/가전,136,149.08,149.08,158.0,2,136.24,156.38,162.15,175.46
2025-07-03,2,강동구,5,도서/문구,120,136.75,136.75,151.0,2,125.45,142.11,150.87,159.04
2025-07-03,12,동작구,5,도서/문구,103,90.61,90.61,78.0,2,79.91,94.39,102.33,112.46
2025-07-03,23,종로구,5,도서/문구,27,35.62,35.62,27.0,2,25.18,32.79,38.54,56.46
2025-07-03,22,은평구,2,식품/신선,246,260.97,260.97,231.0,2,230.68,263.19,275.47,298.48
2025-07-03,12,동작구,1,패션/잡화,243,259.5,259.5,248.0,2,234.1,267.51,269.64,279.22
2025-07-03,9,노원구,1,패션/잡화,310,329.18,329.18,326.0,2,301.57,325.82,341.76,352.4
2025-07-03,17,성북구,3,생활용품,309,311.02,311.02,316.0,2,287.89,318.29,323.74,329.96
2025-07-03,20,영등포구,1,패션/잡화,366,326.05,326.05,322.0,2,296.97,321.67,340.15,352.76
2025-07-03,3,강북구,4,전자/가전,65,77.8,77.8,66.0,2,64.6,79.02,86.68,94.48
2025-07-03,1,강남구,2,식품/신선,468,503.84,503.84,484.0,2,455.17,501.08,526.78,552.69
2025-07-03,22,은평구,4,전자/가전,144,128.05,128.05,123.0,2,110.61,127.73,136.94,148.13
2025-07-03,8,금천구,1,패션/잡화,134,130.62,130.62,141.0,2,112.71,131.99,139.68,151.09
2025-07-03,12,동작구,3,생활용품,310,320.46,320.46,321.0,2,290.21,319.64,331.71,351.74
2025-07-03,7,구로구,1,패션/잡화,256,271.89,271.89,260.0,2,240.97,273.25,282.61,292.84
2025-07-03,18,송파구,4,전자/가전,297,300.17,300.17,297.0,2,268.79,298.64,309.36,317.19
2025-07-03,7,구로구,5,도서/문구,116,101.36,101.36,91.0,2,85.48,102.95,109.09,117.98
2025-07-03,19,양천구,3,생활용품,366,342.4,342.4,347.0,2,314.34,340.85,351.31,369.71
2025-07-03,23,종로구,2,식품/신선,73,72.17,72.17,71.0,2,61.02,70.97,77.35,85.96
2025-07-03,7,구로구,2,식품/신선,219,249.9,249.9,242.0,2,217.56,251.85,266.46,263.99
2025-07-03,3,강북구,5,도서/문구,64,64.72,64.72,70.0,2,52.77,67.3,69.29,80.42
2025-07-03,18,송파구,5,도서/문구,215,254.99,254.99,245.0,2,230.99,256.18,266.13,276.71
2025-07-03,19,양천구,2,식품/신선,256,285.63,285.63,280.0,2,266.23,290.17,295.54,308.19
2025-07-03,7,구로구,4,전자/가전,133,122.44,122.44,118.0,2,107.08,123.49,130.62,140.83
2025-07-03,13,마포구,4,전자/가전,153,146.24,146.24,141.0,2,131.47,149.58,159.82,164.13
2025-07-03,19,양천구,1,패션/잡화,312,313.35,313.35,306.0,2,281.07,312.3,322.87,326.57
2025-07-03,4,강서구,1,패션/잡화,495,467.6,467.6,481.0,2,433.31,470.02,491.26,510.39
2025-07-03,7,구로구,3,생활용품,298,311.7,311.7,317.0,2,287.8,315.2,324.55,325.84
2025-07-03,12,동작구,4,전자/가전,106,118.91,118.91,107.0,2,106.62,118.98,129.39,138.43
2025-07-03,23,종로구,1,패션/잡화,87,83.25,83.25,72.0,2,69.33,85.6,91.42,101.29
2025-07-03,4,강서구,3,생활용품,507,522.53,522.53,509.0,2,456.55,508.9,554.19,567.94
2025-07-03,18,송파구,3,생활용품,750,755.15,755.15,751.0,2,658.41,748.22,779.34,799.33
2025-07-03,8,금천구,2,식품/신선,106,114.13,114.13,107.0,2,101.49,114.24,123.24,132.2
2025-07-03,17,성북구,4,전자/가전,119,128.04,128.04,116.0,2,115.67,135.51,144.47,151.33
2025-07-03,3,강북구,2,식품/신선,136,141.38,141.38,138.0,2,124.86,140.71,150.94,160.1
2025-07-03,22,은평구,3,생활용품,316,351.94,351.94,367.0,2,325.8,358.34,369.11,380.69
2025-07-03,25,중랑구,3,생활용품,247,247.34,247.34,246.0,2,217.52,246.19,258.34,271.84
2025-07-03,1,강남구,3,생활용품,677,666.97,666.97,690.0,2,614.71,659.64,685.41,712.4
2025-07-03,6,광진구,4,전자/가전,89,122.98,122.98,128.0,2,104.47,122.14,128.01,136.39
2025-07-03,17,성북구,5,도서/문구,112,108.19,108.19,114.0,2,93.81,109.37,117.07,122.29
2025-07-03,23,종로구,4,전자/가전,36,42.57,42.57,47.0,2,32.17,40.59,45.63,58.14
2025-07-03,8,금천구,4,전자/가전,54,67.93,67.93,59.0,2,56.87,68.15,75.07,84.23
2025-07-03,13,마포구,5,도서/문구,119,124.7,124.7,122.0,2,105.38,125.47,132.78,141.97
2025-07-03,19,양천구,5,도서/문구,102,112.97,112.97,105.0,2,100.29,114.61,124.84,134.97
2025-07-03,18,송파구,1,패션/잡화,627,631.61,631.61,612.0,2,559.02,614.6,644.69,673.89
2025-07-03,25,중랑구,4,전자/가전,112,110.3,110.3,106.0,2,95.99,110.74,116.54,124.85
2025-07-03,3,강북구,3,생활용품,193,170.22,170.22,146.0,2,148.52,185.09,184.7,196.66
2025-07-03,6,광진구,5,도서/문구,83,94.97,94.97,90.0,2,77.89,95.02,101.91,112.05
2025-07-03,8,금천구,3,생활용품,144,147.03,147.03,153.0,2,137.82,152.46,158.27,167.88
2025-07-03,18,송파구,2,식품/신선,554,588.25,588.25,589.0,2,532.99,590.07,619.72,636.92
2025-07-03,23,종로구,3,생활용품,80,93.24,93.24,100.0,2,77.62,93.13,100.01,108.61
2025-07-03,4,강서구,2,식품/신선,409,412.88,412.88,399.0,2,364.25,404.18,428.68,442.6
2025-07-03,19,양천구,4,전자/가전,111,137.08,137.08,128.0,2,125.49,139.03,157.39,160.67
2025-07-03,25,중랑구,5,도서/문구,72,92.17,92.17,75.0,2,78.79,96.04,98.49,108.96
2025-07-03,8,금천구,5,도서/문구,32,49.96,49.96,38.0,2,37.6,49.52,54.5,60.79
2025-07-03,22,은평구,5,도서/문구,111,106.78,106.78,103.0,2,91.78,109.09,115.73,125.47
2025-07-03,15,서초구,5,도서/문구,121,129.83,129.83,124.0,2,115.55,131.03,140.22,147.96
2025-07-03,5,관악구,3,생활용품,397,446.27,446.27,453.0,2,414.65,450.05,469.4,476.55
2025-07-03,14,서대문구,4,전자/가전,80,100.94,100.94,103.0,2,85.1,101.23,107.18,116.37
2025-07-03,15,서초구,2,식품/신선,323,310.91,310.91,288.0,2,274.51,307.62,329.59,323.45
2025-07-03,14,서대문구,5,도서/문구,85,70.91,70.91,68.0,2,61.61,72.63,77.15,85.05
2025-07-03,10,도봉구,3,생활용품,175,179.25,179.25,164.0,2,159.32,181.59,188.05,203.62
2025-07-03,11,동대문구,5,도서/문구,79,88.69,88.69,75.0,2,76.48,88.89,92.98,105.76
2025-07-03,5,관악구,4,전자/가전,178,176.92,176.92,175.0,2,158.15,175.84,183.93,194.64
2025-07-03,21,용산구,1,패션/잡화,178,158.49,158.49,144.0,2,142.28,161.59,167.57,179.65
2025-07-03,14,서대문구,3,생활용품,216,240.13,240.13,226.0,2,220.27,241.53,250.19,266.7
2025-07-03,10,도봉구,2,식품/신선,155,141.69,141.69,146.0,2,125.08,145.34,153.23,166.78
2025-07-03,2,강동구,1,패션/잡화,329,328.38,328.38,312.0,2,295.18,325.42,346.1,352.23
2025-07-03,4,강서구,5,도서/문구,164,186.46,186.46,190.0,2,163.38,185.34,192.61,202.77
2025-07-03,15,서초구,1,패션/잡화,374,356.14,356.14,342.0,2,327.98,353.62,360.5,383.89
2025-07-03,11,동대문구,3,생활용품,269,257.53,257.53,250.0,2,229.95,257.39,270.92,280.39
2025-07-03,10,도봉구,5,도서/문구,56,63.54,63.54,58.0,2,53.34,62.99,69.48,76.06
2025-07-03,5,관악구,5,도서/문구,160,158.7,158.7,160.0,2,138.96,156.56,166.17,176.6
2025-07-03,21,용산구,3,생활용품,170,183.64,183.64,176.0,2,163.93,182.56,183.67,194.64
2025-07-03,24,중구,4,전자/가전,33,36.34,36.34,28.0,2,26.34,34.48,39.89,56.77
2025-07-03,13,마포구,2,식품/신선,256,313.32,313.32,304.0,2,283.24,313.5,319.41,322.83
2025-07-03,1,강남구,4,전자/가전,269,288.65,288.65,291.0,2,260.49,295.5,304.48,312.43
2025-07-03,13,마포구,1,패션/잡화,355,346.41,346.41,370.0,2,324.0,356.75,367.1,379.55
2025-07-03,21,용산구,2,식품/신선,145,144.98,144.98,143.0,2,125.17,145.65,154.21,168.23
2025-07-03,15,서초구,3,생활용품,396,428.73,428.73,438.0,2,382.37,421.34,442.35,443.79
2025-07-03,22,은평구,1,패션/잡화,285,303.73,303.73,289.0,2,273.07,302.23,319.49,325.84
2025-07-03,25,중랑구,2,식품/신선,204,210.69,210.69,214.0,2,188.68,213.87,218.22,231.62
2025-07-03,21,용산구,5,도서/문구,52,70.75,70.75,75.0,2,61.98,71.3,76.94,90.7
2025-07-03,5,관악구,1,패션/잡화,420,403.0,403.0,373.0,2,360.63,397.86,419.39,443.77
2025-07-03,11,동대문구,1,패션/잡화,246,231.07,231.07,225.0,2,204.07,233.02,242.09,260.97
2025-07-03,11,동대문구,4,전자/가전,117,112.12,112.12,120.0,2,93.77,112.05,121.03,128.82
2025-07-03,2,강동구,3,생활용품,354,391.27,391.27,379.0,2,348.27,389.8,403.32,417.51
2025-07-03,1,강남구,1,패션/잡화,551,607.24,607.24,610.0,2,545.06,601.53,633.38,652.77
2025-07-03,2,강동구,2,식품/신선,310,325.05,325.05,306.0,2,292.54,325.84,342.07,348.8
2025-07-03,25,중랑구,1,패션/잡화,233,234.65,234.65,240.0,2,208.3,236.21,242.16,256.91
2025-07-03,16,성동구,1,패션/잡화,219,218.68,218.68,218.0,2,202.58,222.93,226.1,244.03
2025-07-03,10,도봉구,4,전자/가전,85,77.22,77.22,67.0,2,63.79,78.31,84.18,95.28
2025-07-03,1,강남구,5,도서/문구,229,221.36,221.36,226.0,2,199.89,222.93,231.03,250.63
2025-07-03,15,서초구,4,전자/가전,163,159.08,159.08,157.0,2,141.88,157.2,168.98,178.03
2025-07-03,24,중구,5,도서/문구,28,35.62,35.62,27.0,2,23.4,31.89,37.62,56.46
2025-07-03,11,동대문구,2,식품/신선,204,215.07,215.07,206.0,2,189.43,217.07,225.82,231.11
2025-07-03,5,관악구,2,식품/신선,312,367.46,367.46,342.0,2,325.78,362.69,375.31,399.89
2025-07-04,11,동대문구,2,식품/신선,205,220.01,220.01,231.0,3,194.96,223.58,233.24,239.96
2025-07-04,13,마포구,5,도서/문구,136,128.21,128.21,131.0,3,112.75,129.78,133.37,143.46
2025-07-04,19,양천구,4,전자/가전,135,145.34,145.34,137.0,3,128.51,143.94,159.82,167.66
2025-07-04,14,서대문구,3,생활용품,242,242.61,242.61,255.0,3,207.51,241.06,253.41,275.03
2025-07-04,25,중랑구,4,전자/가전,110,98.39,98.39,101.0,3,83.67,101.48,110.09,117.73
2025-07-04,23,종로구,3,생활용품,88,97.12,97.12,107.0,3,81.2,98.89,103.3,111.63
2025-07-04,11,동대문구,4,전자/가전,99,104.19,104.19,103.0,3,87.7,105.44,112.82,122.15
2025-07-04,6,광진구,5,도서/문구,95,98.5,98.5,99.0,3,82.58,100.11,102.84,112.74
2025-07-04,3,강북구,3,생활용품,191,189.46,189.46,188.0,3,159.86,186.61,199.7,207.75
2025-07-04,2,강동구,1,패션/잡화,358,353.02,353.02,359.0,3,324.43,358.28,366.25,375.49
2025-07-04,18,송파구,1,패션/잡화,645,679.31,679.31,715.0,3,618.27,687.4,709.67,729.93
2025-07-04,15,서초구,2,식품/신선,330,329.58,329.58,330.0,3,308.17,331.13,347.38,350.7
2025-07-04,21,용산구,2,식품/신선,154,150.01,150.01,162.0,3,132.23,155.19,170.42,177.0
2025-07-04,8,금천구,4,전자/가전,62,62.04,62.04,62.0,3,52.47,62.31,69.37,76.4
2025-07-04,19,양천구,5,도서/문구,101,113.16,113.16,111.0,3,98.17,114.43,119.79,127.34
2025-07-04,6,광진구,4,전자/가전,104,115.28,115.28,116.0,3,98.06,114.89,121.12,128.46
2025-07-04,23,종로구,4,전자/가전,27,42.14,42.14,37.0,3,30.68,40.0,44.87,56.77
2025-07-04,17,성북구,5,도서/문구,102,106.82,106.82,105.0,3,95.95,107.47,114.48,121.67
2025-07-04,11,동대문구,1,패션/잡화,206,211.52,211.52,191.0,3,191.24,214.15,222.68,238.49
2025-07-04,11,동대문구,5,도서/문구,71,88.14,88.14,84.0,3,74.31,88.35,93.23,103.92
2025-07-04,8,금천구,3,생활용품,176,144.62,144.62,145.0,3,128.48,147.1,156.38,167.39
2025-07-04,18,송파구,2,식품/신선,558,593.94,593.94,571.0,3,524.83,579.18,609.86,637.27
2025-07-04,10,도봉구,2,식품/신선,142,143.3,143.3,149.0,3,131.67,145.54,155.24,165.97
2025-07-04,5,관악구,1,패션/잡화,376,414.55,414.55,412.0,3,379.02,416.42,439.83,436.41
2025-07-04,7,구로구,2,식품/신선,252,253.62,253.62,252.0,3,230.07,258.32,266.04,278.89
2025-07-04,13,마포구,4,전자/가전,163,153.17,153.17,152.0,3,138.49,154.16,165.28,174.4
2025-07-04,5,관악구,2,식품/신선,315,354.94,354.94,351.0,3,320.33,351.87,369.28,375.19
2025-07-04,3,강북구,5,도서/문구,55,63.74,63.74,73.0,3,52.96,67.62,69.56,80.89
2025-07-04,1,강남구,5,도서/문구,203,215.61,215.61,216.0,3,197.42,222.27,223.48,238.46
2025-07-04,18,송파구,5,도서/문구,258,262.7,262.7,259.0,3,235.49,266.56,275.8,282.37
2025-07-04,19,양천구,2,식품/신선,243,307.44,307.44,303.0,3,280.33,306.86,320.07,331.48
2025-07-04,7,구로구,4,전자/가전,138,129.36,129.36,141.0,3,112.34,133.18,140.06,147.58
2025-07-04,14,서대문구,4,전자/가전,93,109.45,109.45,107.0,3,93.32,109.6,113.56,125.91
2025-07-04,19,양천구,1,패션/잡화,315,317.68,317.68,320.0,3,290.21,318.35,332.27,351.44
2025-07-04,4,강서구,1,패션/잡화,479,472.08,472.08,505.0,3,434.34,475.49,512.35,510.71
2025-07-04,12,동작구,4,전자/가전,115,128.06,128.06,129.0,3,114.9,128.07,133.74,143.56
2025-07-04,7,구로구,3,생활용품,339,310.41,310.41,298.0,3,278.64,312.54,322.24,328.84
2025-07-04,21,용산구,4,전자/가전,82,73.21,73.21,71.0,3,62.19,72.05,77.24,86.12
2025-07-04,25,중랑구,2,식품/신선,194,224.93,224.93,234.0,3,200.29,226.93,238.21,248.35
2025-07-04,23,종로구,1,패션/잡화,98,86.45,86.45,89.0,3,72.57,88.77,96.83,108.92
2025-07-04,14,서대문구,5,도서/문구,78,81.02,81.02,76.0,3,67.56,80.83,86.37,101.06
2025-07-04,7,구로구,5,도서/문구,99,108.05,108.05,99.0,3,92.22,110.03,117.76,127.6
2025-07-04,19,양천구,3,생활용품,367,345.93,345.93,337.0,3,321.33,342.07,355.38,373.88
2025-07-04,8,금천구,2,식품/신선,125,120.79,120.79,113.0,3,102.77,120.82,131.64,140.19
2025-07-04,25,중랑구,1,패션/잡화,207,236.36,236.36,243.0,3,208.62,237.65,250.61,258.62
2025-07-04,5,관악구,3,생활용품,414,442.89,442.89,432.0,3,404.29,442.0,458.1,473.55
2025-07-04,23,종로구,2,식품/신선,80,73.96,73.96,75.0,3,63.0,72.81,78.92,91.78
2025-07-04,15,서초구,1,패션/잡화,350,369.47,369.47,380.0,3,332.34,366.98,387.28,389.94
2025-07-04,3,강북구,4,전자/가전,70,81.66,81.66,85.0,3,68.43,83.83,88.41,100.74
2025-07-04,1,강남구,1,패션/잡화,561,587.97,587.97,577.0,3,522.66,571.12,609.39,637.27
2025-07-04,4,강서구,2,식품/신선,402,421.74,421.74,417.0,3,394.47,425.34,444.91,444.6
2025-07-04,18,송파구,3,생활용품,671,759.29,759.29,773.0,3,661.45,748.22,788.6,808.54
2025-07-04,1,강남구,2,식품/신선,509,532.55,532.55,543.0,3,483.55,533.7,575.96,566.1
2025-07-04,8,금천구,1,패션/잡화,145,138.63,138.63,143.0,3,123.69,142.1,146.59,153.82
2025-07-04,11,동대문구,3,생활용품,268,252.3,252.3,251.0,3,220.55,253.95,266.07,279.73
2025-07-04,12,동작구,3,생활용품,306,303.26,303.26,296.0,3,276.41,299.44,316.88,321.49
2025-07-04,21,용산구,3,생활용품,206,214.38,214.38,237.0,3,186.77,221.84,230.75,242.53
2025-07-04,18,송파구,4,전자/가전,299,278.68,278.68,272.0,3,250.77,275.91,292.72,301.49
2025-07-04,7,구로구,1,패션/잡화,289,277.33,277.33,261.0,3,250.22,278.97,290.71,298.05
2025-07-04,22,은평구,4,전자/가전,134,139.84,139.84,147.0,3,123.38,146.27,151.35,161.69
2025-07-04,22,은평구,3,생활용품,341,347.02,347.02,343.0,3,317.24,346.51,354.07,369.85
2025-07-04,8,금천구,5,도서/문구,53,51.68,51.68,53.0,3,38.34,48.89,57.94,61.49
2025-07-04,3,강북구,2,식품/신선,144,135.49,135.49,123.0,3,120.61,137.14,146.8,162.77
2025-07-04,4,강서구,4,전자/가전,222,227.57,227.57,235.0,3,201.15,227.12,239.15,249.95
2025-07-04,16,성동구,4,전자/가전,108,105.43,105.43,116.0,3,89.58,107.69,113.94,122.31
2025-07-04,12,동작구,5,도서/문구,115,107.69,107.69,106.0,3,91.82,107.16,112.55,120.82
2025-07-04,4,강서구,5,도서/문구,191,182.04,182.04,178.0,3,166.35,177.77,187.45,196.18
2025-07-04,9,노원구,4,전자/가전,134,146.75,146.75,143.0,3,131.48,150.89,157.09,166.06
2025-07-04,6,광진구,2,식품/신선,216,217.37,217.37,231.0,3,190.21,220.91,233.74,240.32
2025-07-04,24,중구,4,전자/가전,35,36.56,36.56,30.0,3,25.59,34.02,38.8,56.77
2025-07-04,10,도봉구,3,생활용품,211,204.7,204.7,205.0,3,181.38,209.77,215.88,222.46
2025-07-04,2,강동구,5,도서/문구,137,130.65,130.65,124.0,3,116.71,130.78,141.56,150.66
2025-07-04,15,서초구,3,생활용품,422,430.09,430.09,455.0,3,378.96,425.16,443.13,462.5
2025-07-04,22,은평구,5,도서/문구,102,110.13,110.13,118.0,3,93.96,113.45,123.9,129.24
2025-07-04,9,노원구,3,생활용품,391,405.63,405.63,406.0,3,371.17,406.31,426.82,429.83
2025-07-04,1,강남구,4,전자/가전,255,278.83,278.83,281.0,3,250.0,285.12,289.81,299.92
2025-07-04,24,중구,1,패션/잡화,74,73.85,73.85,66.0,3,62.65,74.39,79.8,91.43
2025-07-04,10,도봉구,4,전자/가전,76,77.12,77.12,83.0,3,64.25,78.65,86.48,94.84
2025-07-04,14,서대문구,1,패션/잡화,245,236.28,236.28,255.0,3,209.97,237.12,250.39,269.58
2025-07-04,15,서초구,5,도서/문구,136,145.39,145.39,158.0,3,131.35,152.06,155.56,164.55
2025-07-04,21,용산구,1,패션/잡화,172,169.78,169.78,172.0,3,146.06,166.47,179.04,184.93
2025-07-04,24,중구,2,식품/신선,77,71.82,71.82,65.0,3,60.55,73.49,79.51,87.41
2025-07-04,5,관악구,5,도서/문구,149,155.61,155.61,153.0,3,140.72,154.73,165.59,174.74
2025-07-04,22,은평구,1,패션/잡화,312,316.48,316.48,310.0,3,289.45,312.76,332.97,343.24
2025-07-04,24,중구,3,생활용품,76,90.85,90.85,90.0,3,74.19,87.99,96.57,106.99
2025-07-04,13,마포구,2,식품/신선,310,295.88,295.88,292.0,3,269.1,292.72,309.14,317.32
2025-07-04,25,중랑구,3,생활용품,274,293.61,293.61,289.0,3,267.0,299.53,313.52,318.45
2025-07-04,16,성동구,2,식품/신선,204,191.3,191.3,207.0,3,172.92,201.61,208.02,212.91
2025-07-04,20,영등포구,5,도서/문구,124,121.69,121.69,115.0,3,108.61,121.66,134.27,141.46
2025-07-04,16,성동구,1,패션/잡화,255,214.87,214.87,219.0,3,197.61,219.9,230.16,238.39
2025-07-04,12,동작구,1,패션/잡화,304,273.25,273.25,280.0,3,253.62,280.48,287.93,297.98
2025-07-04,10,도봉구,1,패션/잡화,205,177.6,177.6,174.0,3,154.09,175.61,186.48,195.29
2025-07-04,14,서대문구,2,식품/신선,168,196.03,196.03,197.0,3,175.1,197.55,210.81,213.98
2025-07-04,2,강동구,4,전자/가전,175,165.98,165.98,171.0,3,146.3,166.47,178.09,184.48
2025-07-04,2,강동구,3,생활용품,381,409.57,409.57,410.0,3,373.05,410.45,429.37,434.8
2025-07-04,16,성동구,3,생활용품,251,258.71,258.71,271.0,3,237.95,263.07,275.39,282.89
2025-07-04,20,영등포구,4,전자/가전,159,144.17,144.17,146.0,3,128.43,147.6,155.28,165.98
2025-07-04,20,영등포구,3,생활용품,367,359.34,359.34,352.0,3,329.26,358.25,368.97,379.89
2025-07-04,9,노원구,5,도서/문구,136,133.61,133.61,136.0,3,118.54,136.04,144.37,148.06
2025-07-04,6,광진구,1,패션/잡화,235,245.76,245.76,238.0,3,223.59,250.82,260.41,271.52
2025-07-04,17,성북구,1,패션/잡화,314,290.28,290.28,280.0,3,267.31,295.21,313.21,318.01
2025-07-04,16,성동구,5,도서/문구,82,84.63,84.63,95.0,3,71.94,87.35,94.82,105.32
2025-07-04,22,은평구,2,식품/신선,276,281.06,281.06,261.0,3,252.15,280.8,308.92,305.65
2025-07-04,13,마포구,1,패션/잡화,332,330.63,330.63,324.0,3,294.14,327.43,340.47,352.49
2025-07-04,9,노원구,1,패션/잡화,332,354.3,354.3,337.0,3,321.03,351.5,370.59,394.69
2025-07-04,4,강서구,3,생활용품,554,516.5,516.5,538.0,3,481.21,521.74,553.92,559.78
2025-07-04,20,영등포구,2,식품/신선,258,302.22,302.22,325.0,3,280.82,300.67,328.74,329.67
2025-07-04,13,마포구,3,생활용품,358,373.15,373.15,387.0,3,345.14,374.44,387.45,394.64
2025-07-04,23,종로구,5,도서/문구,32,35.84,35.84,31.0,3,26.3,32.82,39.21,56.46
2025-07-04,20,영등포구,1,패션/잡화,316,333.14,333.14,333.0,3,307.86,336.33,349.85,356.69
2025-07-04,24,중구,5,도서/문구,26,35.84,35.84,31.0,3,24.66,32.42,39.22,56.46
2025-07-04,12,동작구,2,식품/신선,245,257.32,257.32,259.0,3,235.51,269.01,275.01,281.55
2025-07-04,5,관악구,4,전자/가전,172,200.23,200.23,203.0,3,165.54,202.31,208.32,209.85
2025-07-04,17,성북구,2,식품/신선,265,249.0,249.0,252.0,3,220.59,252.77,258.23,272.17
2025-07-04,10,도봉구,5,도서/문구,72,71.34,71.34,68.0,3,61.15,73.46,79.53,87.15
2025-07-04,17,성북구,3,생활용품,312,328.82,328.82,338.0,3,307.13,329.05,347.64,360.44
2025-07-04,6,광진구,3,생활용품,283,268.56,268.56,242.0,3,241.65,269.38,290.05,287.38
2025-07-04,15,서초구,4,전자/가전,171,177.3,177.3,179.0,3,159.94,174.27,182.64,187.66
2025-07-04,21,용산구,5,도서/문구,65,68.26,68.26,71.0,3,59.39,69.14,74.32,83.66
2025-07-04,9,노원구,2,식품/신선,287,316.93,316.93,331.0,3,298.69,323.12,334.53,336.42
2025-07-04,3,강북구,1,패션/잡화,155,177.6,177.6,176.0,3,154.51,175.61,183.88,192.43
2025-07-04,1,강남구,3,생활용품,668,682.36,682.36,723.0,3,626.89,686.76,718.04,741.33
2025-07-04,2,강동구,2,식품/신선,283,308.23,308.23,285.0,3,275.14,306.45,323.16,338.37
2025-07-04,17,성북구,4,전자/가전,132,128.07,128.07,132.0,3,111.54,130.6,135.66,140.38
2025-07-04,25,중랑구,5,도서/문구,89,92.16,92.16,86.0,3,79.87,94.71,98.99,109.44
2025-07-05,13,마포구,2,식품/신선,243,236.59,236.59,243.0,4,211.33,236.44,252.5,256.92
2025-07-05,6,광진구,4,전자/가전,89,91.4,91.4,85.0,4,72.89,91.3,102.75,108.89
2025-07-05,22,은평구,1,패션/잡화,227,251.6,251.6,263.0,4,226.14,254.91,261.07,274.02
2025-07-05,7,구로구,2,식품/신선,204,198.95,198.95,178.0,4,177.8,204.62,221.29,229.99
2025-07-05,6,광진구,1,패션/잡화,185,206.18,206.18,201.0,4,183.92,207.19,216.63,226.61
2025-07-05,19,양천구,2,식품/신선,244,223.65,223.65,217.0,4,200.45,225.61,233.14,254.57
2025-07-05,13,마포구,1,패션/잡화,268,274.05,274.05,272.0,4,245.18,272.89,286.29,288.98
2025-07-05,4,강서구,1,패션/잡화,394,407.64,407.64,425.0,4,371.78,414.88,432.09,436.63
2025-07-05,22,은평구,3,생활용품,256,297.56,297.56,289.0,4,271.04,298.29,311.94,304.41
2025-07-05,13,마포구,3,생활용품,290,312.27,312.27,320.0,4,287.19,314.9,330.06,331.23
2025-07-05,12,동작구,4,전자/가전,95,101.53,101.53,92.0,4,85.22,99.26,110.54,116.78
2025-07-05,19,양천구,5,도서/문구,89,98.56,98.56,106.0,4,85.19,97.84,106.88,112.82
2025-07-05,20,영등포구,4,전자/가전,127,126.58,126.58,120.0,4,109.54,125.77,137.08,148.46
2025-07-05,21,용산구,4,전자/가전,51,68.95,68.95,73.0,4,57.42,69.6,74.95,89.07
2025-07-05,25,중랑구,5,도서/문구,74,70.61,70.61,73.0,4,60.42,71.73,75.25,87.89
2025-07-05,20,영등포구,5,도서/문구,98,99.66,99.66,92.0,4,81.61,99.29,105.85,112.82
2025-07-05,21,용산구,5,도서/문구,53,52.25,52.25,53.0,4,42.94,54.38,61.71,73.38
2025-07-05,4,강서구,2,식품/신선,320,328.33,328.33,315.0,4,295.4,329.26,359.71,360.96
2025-07-05,20,영등포구,3,생활용품,273,319.78,319.78,327.0,4,297.47,323.2,334.76,341.97
2025-07-05,21,용산구,1,패션/잡화,132,147.4,147.4,164.0,4,133.08,150.89,163.87,174.52
2025-07-05,5,관악구,4,전자/가전,122,155.14,155.14,165.0,4,137.53,161.37,170.73,178.5
2025-07-05,5,관악구,1,패션/잡화,297,332.37,332.37,330.0,4,310.78,331.39,352.68,347.22
2025-07-05,20,영등포구,2,식품/신선,208,225.78,225.78,211.0,4,200.18,220.83,235.42,261.97
2025-07-05,22,은평구,2,식품/신선,192,229.6,229.6,236.0,4,204.24,229.48,239.63,253.98
2025-07-05,19,양천구,4,전자/가전,117,118.22,118.22,115.0,4,103.92,116.73,132.3,137.73
2025-07-05,1,강남구,1,패션/잡화,452,499.68,499.68,503.0,4,454.23,504.58,545.49,544.3
2025-07-05,6,광진구,5,도서/문구,78,80.84,80.84,81.0,4,68.68,81.49,91.16,99.38
2025-07-05,6,광진구,2,식품/신선,189,181.92,181.92,164.0,4,162.86,192.96,205.93,209.86
2025-07-05,6,광진구,3,생활용품,207,225.13,225.13,227.0,4,201.5,224.41,236.64,245.79
2025-07-05,5,관악구,5,도서/문구,116,117.97,117.97,98.0,4,101.84,126.72,134.91,143.03
2025-07-05,4,강서구,5,도서/문구,126,160.51,160.51,159.0,4,136.59,156.96,164.95,177.43
2025-07-05,5,관악구,3,생활용품,358,358.65,358.65,341.0,4,328.01,357.66,374.3,393.11
2025-07-05,12,동작구,5,도서/문구,77,89.3,89.3,89.0,4,74.08,90.61,99.41,106.39
2025-07-05,20,영등포구,1,패션/잡화,253,254.74,254.74,237.0,4,228.8,259.57,262.03,285.84
2025-07-05,21,용산구,3,생활용품,159,165.52,165.52,144.0,4,143.98,170.68,183.87,191.36
2025-07-05,4,강서구,3,생활용품,393,438.74,438.74,404.0,4,395.79,439.62,457.3,476.96
2025-07-05,7,구로구,1,패션/잡화,236,217.59,217.59,187.0,4,189.55,209.83,237.34,255.24
2025-07-05,19,양천구,3,생활용품,277,291.36,291.36,279.0,4,261.79,292.45,316.55,298.28
2025-07-05,4,강서구,4,전자/가전,199,179.87,179.87,172.0,4,157.45,178.7,187.5,197.58
2025-07-05,5,관악구,2,식품/신선,278,289.33,289.33,278.0,4,262.45,283.12,317.53,303.37
2025-07-05,1,강남구,2,식품/신선,401,429.61,429.61,418.0,4,401.66,434.49,456.12,465.23
2025-07-05,22,은평구,4,전자/가전,106,119.91,119.91,121.0,4,99.25,111.84,125.4,138.98
2025-07-05,21,용산구,2,식품/신선,129,132.31,132.31,131.0,4,117.66,129.62,138.28,154.47
2025-07-05,25,중랑구,2,식품/신선,155,166.87,166.87,159.0,4,140.69,166.93,178.38,193.78
2025-07-05,7,구로구,3,생활용품,217,272.35,272.35,268.0,4,252.05,267.29,284.56,289.85
2025-07-05,24,중구,1,패션/잡화,73,64.69,64.69,63.0,4,51.14,58.27,65.65,80.42
2025-07-05,17,성북구,1,패션/잡화,229,244.59,244.59,229.0,4,225.23,241.88,246.21,259.75
2025-07-05,2,강동구,2,식품/신선,228,255.95,255.95,249.0,4,231.48,258.04,269.18,277.76
2025-07-05,9,노원구,2,식품/신선,240,236.75,236.75,222.0,4,216.67,234.22,253.63,270.02
2025-07-05,3,강북구,1,패션/잡화,144,134.15,134.15,133.0,4,122.11,135.89,143.07,159.5
2025-07-05,17,성북구,2,식품/신선,200,214.01,214.01,211.0,4,193.16,214.97,225.33,239.26
2025-07-05,10,도봉구,5,도서/문구,48,52.25,52.25,56.0,4,42.92,55.03,61.71,74.05
2025-07-05,9,노원구,1,패션/잡화,275,278.01,278.01,277.0,4,257.8,275.29,293.23,298.16
2025-07-05,23,종로구,5,도서/문구,18,26.71,26.71,24.0,4,19.05,26.64,33.86,56.46
2025-07-05,12,동작구,2,식품/신선,190,217.94,217.94,192.0,4,197.87,217.9,232.87,251.85
2025-07-05,24,중구,5,도서/문구,19,26.71,26.71,12.0,4,16.51,25.53,33.5,56.46
2025-07-05,17,성북구,3,생활용품,234,269.36,269.36,274.0,4,244.97,269.77,281.91,285.37
2025-07-05,15,서초구,3,생활용품,326,346.85,346.85,321.0,4,310.23,343.09,355.66,378.14
2025-07-05,1,강남구,3,생활용품,534,517.4,517.4,520.0,4,469.08,519.22,539.45,568.34
2025-07-05,11,동대문구,5,도서/문구,64,66.66,66.66,61.0,4,55.45,65.06,70.55,82.96
2025-07-05,10,도봉구,2,식품/신선,119,109.44,109.44,111.0,4,95.96,111.65,122.9,133.98
2025-07-05,3,강북구,2,식품/신선,125,114.57,114.57,105.0,4,99.66,109.97,124.2,132.45
2025-07-05,8,금천구,5,도서/문구,42,41.42,41.42,42.0,4,30.12,41.54,52.64,59.91
2025-07-05,17,성북구,4,전자/가전,111,112.54,112.54,106.0,4,99.24,108.86,120.86,128.53
2025-07-05,14,서대문구,1,패션/잡화,153,168.45,168.45,162.0,4,138.81,168.63,186.14,195.16
2025-07-05,9,노원구,3,생활용품,305,320.13,320.13,323.0,4,291.15,321.93,336.98,347.22
2025-07-05,1,강남구,4,전자/가전,207,222.37,222.37,201.0,4,198.6,224.92,238.26,255.24
2025-07-05,15,서초구,4,전자/가전,146,137.65,137.65,129.0,4,124.94,140.43,150.23,159.5
2025-07-05,24,중구,3,생활용품,63,79.47,79.47,86.0,4,65.9,80.19,85.63,98.35
2025-07-05,16,성동구,2,식품/신선,160,155.33,155.33,154.0,4,138.78,155.34,165.19,175.28
2025-07-05,2,강동구,3,생활용품,340,341.8,341.8,339.0,4,314.99,341.44,353.21,367.01
2025-07-05,14,서대문구,2,식품/신선,156,160.13,160.13,156.0,4,139.25,159.65,169.3,175.83
2025-07-05,10,도봉구,1,패션/잡화,133,136.98,136.98,131.0,4,122.26,136.12,148.21,159.5
2025-07-05,25,중랑구,3,생활용품,256,226.17,226.17,211.0,4,205.52,224.91,238.44,254.0
2025-07-05,2,강동구,4,전자/가전,126,133.07,133.07,133.0,4,118.13,131.76,142.92,156.47
2025-07-05,10,도봉구,3,생활용품,155,170.88,170.88,156.0,4,151.37,171.53,178.04,189.66
2025-07-05,16,성동구,3,생활용품,195,218.01,218.01,207.0,4,195.8,215.39,232.77,241.6
2025-07-05,11,동대문구,1,패션/잡화,187,193.14,193.14,199.0,4,171.86,190.19,195.3,202.89
2025-07-05,15,서초구,5,도서/문구,121,106.32,106.32,114.0,4,91.26,107.0,118.34,120.92
2025-07-05,9,노원구,5,도서/문구,123,103.24,103.24,109.0,4,91.3,103.1,116.1,121.33
2025-07-05,24,중구,2,식품/신선,66,53.08,53.08,49.0,4,43.61,54.85,61.48,72.49
2025-07-05,12,동작구,1,패션/잡화,224,226.47,226.47,222.0,4,205.49,223.16,241.23,252.61
2025-07-05,16,성동구,4,전자/가전,77,80.6,80.6,70.0,4,65.48,82.76,95.71,103.24
2025-07-05,10,도봉구,4,전자/가전,54,62.31,62.31,61.0,4,50.97,62.51,67.94,82.32
2025-07-05,9,노원구,4,전자/가전,108,141.48,141.48,162.0,4,125.19,144.6,160.53,168.57
2025-07-05,2,강동구,5,도서/문구,117,108.28,108.28,105.0,4,95.73,103.63,120.28,126.33
2025-07-05,22,은평구,5,도서/문구,99,95.95,95.95,94.0,4,78.93,95.0,104.94,110.72
2025-07-05,16,성동구,5,도서/문구,71,70.46,70.46,66.0,4,58.49,71.8,76.07,86.61
2025-07-05,24,중구,4,전자/가전,34,27.43,27.43,29.0,4,20.13,28.74,35.58,56.77
2025-07-05,17,성북구,5,도서/문구,89,94.47,94.47,90.0,4,80.29,93.99,102.9,108.68
2025-07-05,23,종로구,4,전자/가전,36,33.01,33.01,16.0,4,23.36,34.0,40.53,56.77
2025-07-05,15,서초구,2,식품/신선,260,276.99,276.99,282.0,4,252.94,283.33,303.14,294.64
2025-07-05,3,강북구,4,전자/가전,59,60.53,60.53,64.0,4,50.64,62.77,67.42,82.29
2025-07-05,18,송파구,3,생활용품,600,617.92,617.92,586.0,4,561.3,606.33,625.03,650.39
2025-07-05,15,서초구,1,패션/잡화,272,315.79,315.79,302.0,4,284.47,317.79,334.96,334.9
2025-07-05,12,동작구,3,생활용품,250,262.64,262.64,263.0,4,244.44,264.62,276.13,285.83
2025-07-05,18,송파구,4,전자/가전,236,247.75,247.75,264.0,4,224.68,254.59,261.68,271.17
2025-07-05,11,동대문구,3,생활용품,180,201.16,201.16,187.0,4,174.84,199.54,217.11,226.61
2025-07-05,7,구로구,5,도서/문구,95,86.58,86.58,89.0,4,73.96,85.94,95.72,105.52
2025-07-05,23,종로구,1,패션/잡화,70,75.19,75.19,75.0,4,61.65,73.87,78.91,95.3
2025-07-05,13,마포구,4,전자/가전,121,128.12,128.12,125.0,4,108.37,126.14,134.27,144.4
2025-07-05,3,강북구,5,도서/문구,57,49.9,49.9,50.0,4,38.86,52.17,57.55,70.18
2025-07-05,14,서대문구,5,도서/문구,69,66.27,66.27,62.0,4,57.39,67.38,73.24,86.61
2025-07-05,1,강남구,5,도서/문구,184,198.78,198.78,191.0,4,180.94,201.89,205.76,210.76
2025-07-05,18,송파구,5,도서/문구,182,197.44,197.44,179.0,4,174.18,195.96,205.37,226.04
2025-07-05,14,서대문구,4,전자/가전,99,78.03,78.03,69.0,4,65.27,79.47,91.39,99.72
2025-07-05,7,구로구,4,전자/가전,89,94.91,94.91,92.0,4,79.03,97.15,107.44,113.08
2025-07-05,19,양천구,1,패션/잡화,239,274.82,274.82,283.0,4,252.66,276.73,299.1,296.57
2025-07-05,11,동대문구,4,전자/가전,84,86.28,86.28,83.0,4,71.91,86.97,97.36,105.02
2025-07-05,23,종로구,2,식품/신선,55,57.88,57.88,57.0,4,45.9,60.51,68.01,78.35
2025-07-05,8,금천구,2,식품/신선,92,99.47,99.47,92.0,4,81.47,98.31,107.62,113.87
2025-07-05,8,금천구,1,패션/잡화,93,106.45,106.45,96.0,4,91.38,103.76,116.41,122.33
2025-07-05,14,서대문구,3,생활용품,193,200.79,200.79,194.0,4,182.01,199.86,208.36,216.2
2025-07-05,8,금천구,4,전자/가전,54,57.5,57.5,67.0,4,44.18,59.51,63.85,80.58
2025-07-05,13,마포구,5,도서/문구,90,102.15,102.15,107.0,4,88.51,102.46,109.14,116.15
2025-07-05,23,종로구,3,생활용품,65,71.1,71.1,69.0,4,58.88,73.01,82.37,87.32
2025-07-05,3,강북구,3,생활용품,156,140.43,140.43,120.0,4,119.83,145.77,159.04,168.18
2025-07-05,18,송파구,1,패션/잡화,502,532.87,532.87,535.0,4,475.74,525.88,555.89,584.8
2025-07-05,2,강동구,1,패션/잡화,264,290.4,290.4,276.0,4,264.83,286.79,317.85,317.05
2025-07-05,25,중랑구,1,패션/잡화,200,192.82,192.82,190.0,4,162.82,185.07,201.24,208.34
2025-07-05,11,동대문구,2,식품/신선,152,174.83,174.83,161.0,4,152.08,174.33,188.18,195.08
2025-07-05,8,금천구,3,생활용품,117,125.48,125.48,128.0,4,114.07,124.07,133.59,144.41
2025-07-05,25,중랑구,4,전자/가전,85,91.28,91.28,96.0,4,76.23,89.71,99.07,108.16
2025-07-05,16,성동구,1,패션/잡화,189,198.38,198.38,212.0,4,184.65,198.14,204.37,212.37
2025-07-05,18,송파구,2,식품/신선,440,468.09,468.09,455.0,4,424.35,467.87,485.78,502.52
2025-07-06,14,서대문구,3,생활용품,152,194.84,194.84,199.0,5,172.83,194.16,197.69,203.76
2025-07-06,11,동대문구,1,패션/잡화,158,189.81,189.81,185.0,5,170.22,185.82,192.19,203.36
2025-07-06,11,동대문구,4,전자/가전,55,86.42,86.42,94.0,5,71.63,86.1,94.39,106.17
2025-07-06,21,용산구,2,식품/신선,103,105.91,105.91,101.0,5,91.14,109.27,118.4,132.11
2025-07-06,5,관악구,5,도서/문구,106,112.23,112.23,108.0,5,97.29,111.76,117.54,128.01
2025-07-06,11,동대문구,2,식품/신선,152,152.66,152.66,137.0,5,130.67,150.8,162.23,170.13
2025-07-06,14,서대문구,2,식품/신선,152,145.4,145.4,145.0,5,121.29,142.44,156.21,163.34
2025-07-06,5,관악구,4,전자/가전,139,140.67,140.67,135.0,5,117.21,136.48,145.01,155.33
2025-07-06,14,서대문구,4,전자/가전,69,79.72,79.72,69.0,5,66.55,80.99,89.43,97.96
2025-07-06,5,관악구,3,생활용품,325,321.96,321.96,334.0,5,304.16,330.91,344.38,348.17
2025-07-06,10,도봉구,5,도서/문구,56,55.09,55.09,62.0,5,43.6,53.58,59.81,73.38
2025-07-06,15,서초구,3,생활용품,320,302.48,302.48,285.0,5,272.57,301.6,319.35,310.05
2025-07-06,10,도봉구,3,생활용품,123,151.79,151.79,157.0,5,132.71,152.61,157.8,169.67
2025-07-06,15,서초구,5,도서/문구,104,93.79,93.79,78.0,5,76.55,94.05,106.5,116.05
2025-07-06,21,용산구,1,패션/잡화,143,133.18,133.18,133.0,5,122.93,134.01,143.57,159.85
2025-07-06,15,서초구,1,패션/잡화,281,292.31,292.31,312.0,5,274.77,298.54,303.66,312.27
2025-07-06,13,마포구,1,패션/잡화,234,261.06,261.06,249.0,5,236.49,263.38,273.27,284.51
2025-07-06,5,관악구,2,식품/신선,279,272.73,272.73,287.0,5,236.56,269.62,297.78,292.5
2025-07-06,11,동대문구,5,도서/문구,68,68.5,68.5,70.0,5,56.04,67.78,73.1,82.85
2025-07-06,11,동대문구,3,생활용품,187,202.56,202.56,205.0,5,186.15,203.86,211.37,218.15
2025-07-06,15,서초구,2,식품/신선,254,243.14,243.14,220.0,5,221.99,243.19,267.58,277.83
2025-07-06,20,영등포구,5,도서/문구,111,94.4,94.4,83.0,5,75.11,94.58,102.69,110.7
2025-07-06,10,도봉구,4,전자/가전,65,63.57,63.57,67.0,5,49.41,64.25,69.91,82.27
2025-07-06,14,서대문구,5,도서/문구,58,66.27,66.27,72.0,5,54.75,65.7,71.36,82.67
2025-07-06,15,서초구,4,전자/가전,123,134.25,134.25,151.0,5,120.27,135.0,144.15,155.22
2025-07-06,21,용산구,3,생활용품,137,142.43,142.43,137.0,5,121.46,138.14,146.65,159.82
2025-07-06,14,서대문구,1,패션/잡화,159,152.2,152.2,141.0,5,138.38,149.74,163.62,173.9
2025-07-06,10,도봉구,2,식품/신선,112,122.25,122.25,118.0,5,104.61,124.68,132.81,147.41
2025-07-06,19,양천구,5,도서/문구,81,95.7,95.7,112.0,5,83.42,96.73,105.71,112.21
2025-07-06,8,금천구,4,전자/가전,38,51.16,51.16,46.0,5,38.82,51.6,57.95,69.28
2025-07-06,17,성북구,5,도서/문구,68,81.17,81.17,70.0,5,66.51,80.45,91.39,101.26
2025-07-06,18,송파구,1,패션/잡화,452,495.13,495.13,507.0,5,455.04,510.17,527.55,536.43
2025-07-06,6,광진구,5,도서/문구,63,72.65,72.65,68.0,5,59.52,73.71,81.82,90.47
2025-07-06,19,양천구,4,전자/가전,103,105.78,105.78,100.0,5,91.6,109.59,117.21,123.52
2025-07-06,18,송파구,2,식품/신선,437,446.42,446.42,465.0,5,411.57,457.6,485.91,467.58
2025-07-06,8,금천구,2,식품/신선,83,86.45,86.45,77.0,5,66.54,88.44,97.74,108.24
2025-07-06,13,마포구,3,생활용품,280,274.55,274.55,262.0,5,253.41,274.1,290.45,292.88
2025-07-06,18,송파구,3,생활용품,578,559.84,559.84,526.0,5,483.36,557.83,583.55,602.43
2025-07-06,8,금천구,1,패션/잡화,116,97.64,97.64,102.0,5,82.18,99.4,107.43,118.22
2025-07-06,18,송파구,4,전자/가전,228,242.96,242.96,266.0,5,219.97,245.04,260.86,271.81
2025-07-06,19,양천구,3,생활용품,255,248.53,248.53,246.0,5,217.09,248.44,264.95,274.88
2025-07-06,7,구로구,5,도서/문구,73,79.23,79.23,77.0,5,64.19,80.89,84.96,102.6
2025-07-06,12,동작구,3,생활용품,244,239.36,239.36,249.0,5,213.13,239.6,248.6,269.74
2025-07-06,13,마포구,4,전자/가전,112,120.99,120.99,107.0,5,108.07,125.51,132.48,145.17
2025-07-06,12,동작구,4,전자/가전,96,103.22,103.22,126.0,5,79.26,108.85,121.53,129.17
2025-07-06,7,구로구,2,식품/신선,200,192.85,192.85,182.0,5,173.8,190.46,192.6,205.35
2025-07-06,19,양천구,2,식품/신선,215,202.34,202.34,203.0,5,178.38,203.63,208.94,221.42
2025-07-06,18,송파구,5,도서/문구,207,177.91,177.91,194.0,5,157.83,188.29,192.87,201.24
2025-07-06,7,구로구,4,전자/가전,92,99.15,99.15,94.0,5,82.25,97.56,103.18,113.01
2025-07-06,19,양천구,1,패션/잡화,227,248.01,248.01,251.0,5,221.52,250.31,265.54,279.26
2025-07-06,7,구로구,3,생활용품,228,240.77,240.77,245.0,5,216.48,244.34,251.92,265.9
2025-07-06,6,광진구,4,전자/가전,76,90.73,90.73,100.0,5,73.9,91.32,98.35,109.36
2025-07-06,13,마포구,5,도서/문구,87,98.22,98.22,86.0,5,81.85,98.35,103.64,111.65
2025-07-06,17,성북구,4,전자/가전,97,98.35,98.35,76.0,5,81.48,100.64,111.33,114.93
2025-07-06,8,금천구,5,도서/문구,35,44.36,44.36,51.0,5,31.71,43.08,54.01,61.76
2025-07-06,16,성동구,2,식품/신선,164,146.38,146.38,136.0,5,125.34,143.89,156.08,162.92
2025-07-06,20,영등포구,4,전자/가전,108,114.77,114.77,120.0,5,95.28,114.03,124.23,137.42
2025-07-06,10,도봉구,1,패션/잡화,140,119.69,119.69,115.0,5,100.85,115.98,125.84,139.15
2025-07-06,13,마포구,2,식품/신선,210,224.47,224.47,228.0,5,203.33,228.11,234.91,243.31
2025-07-06,6,광진구,1,패션/잡화,179,189.26,189.26,194.0,5,174.2,189.91,194.12,203.72
2025-07-06,16,성동구,3,생활용품,210,192.09,192.09,192.0,5,174.74,192.09,196.84,205.72
2025-07-06,12,동작구,5,도서/문구,66,79.23,79.23,79.0,5,65.43,82.03,88.16,102.09
2025-07-06,20,영등포구,3,생활용품,281,287.53,287.53,271.0,5,261.21,285.49,311.6,316.87
2025-07-06,9,노원구,5,도서/문구,84,97.8,97.8,98.0,5,82.54,98.13,107.83,114.17
2025-07-06,16,성동구,4,전자/가전,72,80.15,80.15,75.0,5,63.75,79.28,87.74,102.65
2025-07-06,9,노원구,4,전자/가전,115,121.09,121.09,117.0,5,107.07,117.58,129.14,141.64
2025-07-06,16,성동구,1,패션/잡화,178,170.54,170.54,168.0,5,154.35,168.62,175.91,188.21
2025-07-06,12,동작구,1,패션/잡화,223,206.46,206.46,192.0,5,191.19,209.87,217.75,233.84
2025-07-06,9,노원구,3,생활용품,332,290.94,290.94,275.0,5,264.78,285.26,315.0,324.23
2025-07-06,6,광진구,2,식품/신선,178,171.24,171.24,176.0,5,150.72,168.38,175.07,187.61
2025-07-06,20,영등포구,2,식품/신선,228,224.39,224.39,234.0,5,202.79,224.61,234.7,250.54
2025-07-06,17,성북구,1,패션/잡화,234,213.82,213.82,221.0,5,197.46,216.59,225.27,237.83
2025-07-06,9,노원구,2,식품/신선,237,240.61,240.61,243.0,5,224.21,246.96,256.45,266.17
2025-07-06,6,광진구,3,생활용품,208,217.22,217.22,211.0,5,202.39,219.51,229.76,243.15
2025-07-06,17,성북구,2,식품/신선,190,194.25,194.25,183.0,5,174.18,195.19,195.48,210.49
2025-07-06,20,영등포구,1,패션/잡화,251,242.49,242.49,248.0,5,216.45,247.68,248.02,269.69
2025-07-06,9,노원구,1,패션/잡화,265,258.47,258.47,275.0,5,232.94,258.38,279.45,283.1
2025-07-06,12,동작구,2,식품/신선,175,181.99,181.99,182.0,5,162.98,184.07,189.3,200.66
2025-07-06,17,성북구,3,생활용품,245,240.68,240.68,226.0,5,224.19,244.56,252.11,267.07
2025-07-06,16,성동구,5,도서/문구,67,66.18,66.18,57.0,5,57.73,70.18,75.72,89.91
2025-07-06,8,금천구,3,생활용품,135,108.87,108.87,106.0,5,94.9,109.05,116.65,126.66
2025-07-06,7,구로구,1,패션/잡화,226,207.63,207.63,197.0,5,186.22,208.39,217.75,233.56
2025-07-06,3,강북구,3,생활용품,131,134.02,134.02,141.0,5,119.06,130.67,144.8,158.11
2025-07-06,1,강남구,1,패션/잡화,415,432.86,432.86,407.0,5,397.41,433.93,454.38,466.68
2025-07-06,22,은평구,5,도서/문구,92,96.24,96.24,100.0,5,79.6,94.6,102.55,110.18
2025-07-06,4,강서구,2,식품/신선,297,328.18,328.18,320.0,5,294.92,326.32,345.89,349.64
2025-07-06,1,강남구,4,전자/가전,204,201.23,201.23,201.0,5,183.22,204.64,207.04,218.24
2025-07-06,1,강남구,5,도서/문구,177,154.02,154.02,148.0,5,131.82,161.66,170.4,170.99
2025-07-06,4,강서구,1,패션/잡화,357,363.81,363.81,369.0,5,337.83,369.16,380.16,386.99
2025-07-06,2,강동구,2,식품/신선,215,238.31,238.31,230.0,5,211.32,240.2,251.31,265.13
2025-07-06,22,은평구,3,생활용품,252,263.41,263.41,273.0,5,241.81,265.24,280.84,285.41
2025-07-06,23,종로구,3,생활용품,65,61.28,61.28,54.0,5,50.57,68.47,78.02,82.41
2025-07-06,2,강동구,4,전자/가전,113,128.87,128.87,135.0,5,113.03,126.94,137.39,148.74
2025-07-06,5,관악구,1,패션/잡화,285,298.03,298.03,296.0,5,269.04,296.86,311.3,311.14
2025-07-06,24,중구,5,도서/문구,24,26.99,26.99,21.0,5,16.77,25.96,33.35,56.46
2025-07-06,22,은평구,4,전자/가전,114,98.85,98.85,98.0,5,84.91,101.92,109.11,119.5
2025-07-06,24,중구,2,식품/신선,42,51.63,51.63,49.0,5,40.65,51.1,58.68,68.65
2025-07-06,25,중랑구,4,전자/가전,88,85.74,85.74,78.0,5,69.85,84.09,93.42,105.61
2025-07-06,1,강남구,3,생활용품,485,509.8,509.8,530.0,5,453.27,517.93,538.43,548.81
2025-07-06,3,강북구,2,식품/신선,95,110.26,110.26,122.0,5,86.01,111.21,123.25,137.96
2025-07-06,23,종로구,4,전자/가전,32,33.29,33.29,37.0,5,23.94,35.39,41.3,57.11
2025-07-06,4,강서구,3,생활용품,439,402.99,402.99,400.0,5,361.2,394.92,419.11,429.94
2025-07-06,4,강서구,5,도서/문구,131,148.61,148.61,151.0,5,128.39,146.16,153.01,165.58
2025-07-06,25,중랑구,3,생활용품,206,202.24,202.24,206.0,5,181.53,203.05,207.04,213.93
2025-07-06,21,용산구,5,도서/문구,53,51.15,51.15,49.0,5,40.53,52.08,58.54,72.03
2025-07-06,22,은평구,1,패션/잡화,222,236.69,236.69,243.0,5,215.94,240.51,246.77,258.66
2025-07-06,25,중랑구,2,식품/신선,142,169.92,169.92,187.0,5,145.93,170.54,181.68,189.15
2025-07-06,24,중구,1,패션/잡화,61,58.13,58.13,62.0,5,46.48,57.33,60.9,77.55
2025-07-06,23,종로구,1,패션/잡화,61,63.81,63.81,69.0,5,52.59,64.74,72.14,82.61
2025-07-06,3,강북구,5,도서/문구,48,47.86,47.86,43.0,5,36.21,50.74,55.65,68.84
2025-07-06,2,강동구,3,생활용품,311,311.68,311.68,333.0,5,294.05,318.45,331.33,331.0
2025-07-06,21,용산구,4,전자/가전,49,57.48,57.48,54.0,5,48.94,61.89,68.26,78.93
2025-07-06,23,종로구,5,도서/문구,29,26.99,26.99,41.0,5,20.42,27.27,35.32,56.46
2025-07-06,3,강북구,1,패션/잡화,112,128.71,128.71,137.0,5,114.99,126.83,136.22,150.74
2025-07-06,4,강서구,4,전자/가전,158,176.59,176.59,168.0,5,156.75,171.77,176.31,188.18
2025-07-06,24,중구,4,전자/가전,28,27.71,27.71,25.0,5,19.5,27.6,34.39,56.77
2025-07-06,22,은평구,2,식품/신선,198,206.03,206.03,215.0,5,191.32,206.62,213.94,228.86
2025-07-06,25,중랑구,1,패션/잡화,181,185.74,185.74,174.0,5,160.59,180.06,187.49,204.95
2025-07-06,2,강동구,1,패션/잡화,280,269.59,269.59,267.0,5,245.4,270.51,287.42,290.14
2025-07-06,1,강남구,2,식품/신선,390,379.43,379.43,354.0,5,336.41,369.28,388.26,401.57
2025-07-06,23,종로구,2,식품/신선,49,58.61,58.61,58.0,5,43.62,57.1,61.87,74.51
2025-07-06,2,강동구,5,도서/문구,97,119.26,119.26,122.0,5,96.32,113.02,127.05,140.83
2025-07-06,24,중구,3,생활용품,73,70.08,70.08,70.0,5,57.22,70.99,78.84,86.89
2025-07-06,25,중랑구,5,도서/문구,55,65.79,65.79,69.0,5,55.13,68.92,75.05,85.24
2025-07-06,3,강북구,4,전자/가전,48,55.04,55.04,53.0,5,43.35,55.69,61.87,74.9
2025-07-07,22,은평구,3,생활용품,417,402.17,402.17,384.0,6,351.11,399.12,415.61,417.63
2025-07-07,16,성동구,5,도서/문구,98,97.74,97.74,102.0,6,80.1,95.03,103.5,114.47
2025-07-07,9,노원구,4,전자/가전,185,198.38,198.38,197.0,6,167.66,201.18,210.27,219.5
2025-07-07,9,노원구,3,생활용품,423,467.89,467.89,469.0,6,411.74,466.06,484.03,491.75
2025-07-07,6,광진구,4,전자/가전,114,139.79,139.79,126.0,6,125.96,138.02,146.7,157.12
2025-07-07,24,중구,1,패션/잡화,86,87.57,87.57,83.0,6,73.62,86.67,90.0,102.28
2025-07-07,2,강동구,5,도서/문구,163,156.89,156.89,163.0,6,143.23,160.71,175.34,179.71
2025-07-07,12,동작구,5,도서/문구,121,119.7,119.7,108.0,6,104.85,122.54,126.37,138.3
2025-07-07,20,영등포구,1,패션/잡화,380,397.78,397.78,388.0,6,356.73,394.29,411.07,416.85
2025-07-07,10,도봉구,3,생활용품,202,240.69,240.69,228.0,6,214.32,239.49,254.95,269.19
2025-07-07,2,강동구,3,생활용품,432,439.03,439.03,436.0,6,380.16,432.17,453.89,457.45
2025-07-07,16,성동구,1,패션/잡화,227,271.2,271.2,281.0,6,244.52,280.68,279.5,296.92
2025-07-07,20,영등포구,3,생활용품,423,424.59,424.59,428.0,6,361.36,419.51,439.41,446.83
2025-07-07,4,강서구,4,전자/가전,292,262.26,262.26,272.0,6,228.82,263.05,280.46,289.18
2025-07-07,10,도봉구,2,식품/신선,177,203.76,203.76,219.0,6,173.92,206.6,224.1,236.59
2025-07-07,6,광진구,2,식품/신선,285,288.73,288.73,295.0,6,248.43,288.58,304.8,311.27
2025-07-07,24,중구,3,생활용품,103,108.97,108.97,95.0,6,93.25,105.32,111.68,120.0
2025-07-07,14,서대문구,1,패션/잡화,261,253.51,253.51,251.0,6,228.31,256.36,267.66,288.85
2025-07-07,16,성동구,2,식품/신선,252,247.22,247.22,238.0,6,214.89,250.86,270.17,280.79
2025-07-07,22,은평구,2,식품/신선,362,374.44,374.44,360.0,6,329.54,374.28,378.95,396.88
2025-07-07,10,도봉구,1,패션/잡화,165,196.75,196.75,189.0,6,168.69,193.35,204.89,214.85
2025-07-07,20,영등포구,2,식품/신선,399,382.44,382.44,388.0,6,334.61,384.27,400.97,406.48
2025-07-07,2,강동구,4,전자/가전,186,203.31,203.31,195.0,6,179.0,204.1,216.91,224.6
2025-07-07,16,성동구,3,생활용품,309,298.05,298.05,311.0,6,264.68,301.36,309.9,320.98
2025-07-07,6,광진구,3,생활용품,322,320.38,320.38,324.0,6,291.49,319.1,328.99,340.63
2025-07-07,9,노원구,5,도서/문구,140,156.52,156.52,162.0,6,137.86,162.89,172.33,179.6
2025-07-07,24,중구,2,식품/신선,97,85.1,85.1,80.0,6,70.75,84.01,89.37,100.61
2025-07-07,1,강남구,3,생활용품,801,753.81,753.81,721.0,6,631.06,740.37,755.99,782.09
2025-07-07,16,성동구,4,전자/가전,120,122.33,122.33,124.0,6,105.28,121.16,126.17,136.16
2025-07-07,12,동작구,2,식품/신선,330,325.44,325.44,332.0,6,290.15,332.12,339.6,347.52
2025-07-07,4,강서구,3,생활용품,608,657.91,657.91,598.0,6,545.45,621.24,656.22,664.59
2025-07-07,17,성북구,1,패션/잡화,329,342.17,342.17,332.0,6,305.58,340.51,351.03,361.94
2025-07-07,4,강서구,2,식품/신선,546,542.49,542.49,562.0,6,481.56,538.73,556.34,580.87
2025-07-07,9,노원구,2,식품/신선,424,376.31,376.31,367.0,6,339.0,377.35,393.01,398.01
2025-07-07,4,강서구,1,패션/잡화,517,586.71,586.71,561.0,6,495.93,566.6,592.68,622.92
2025-07-07,8,금천구,3,생활용품,175,179.43,179.43,164.0,6,149.67,177.01,191.71,199.77
2025-07-07,22,은평구,5,도서/문구,135,134.12,134.12,132.0,6,122.82,135.08,142.27,148.74
2025-07-07,18,송파구,1,패션/잡화,740,760.64,760.64,726.0,6,631.85,731.38,760.53,783.44
2025-07-07,7,구로구,3,생활용품,327,375.5,375.5,360.0,6,334.8,374.81,383.23,398.01
2025-07-07,18,송파구,2,식품/신선,690,748.99,748.99,722.0,6,622.5,731.65,755.99,776.33
2025-07-07,8,금천구,2,식품/신선,159,147.86,147.86,146.0,6,122.79,155.59,162.28,163.24
2025-07-07,12,동작구,4,전자/가전,158,143.29,143.29,136.0,6,129.97,143.51,150.67,160.09
2025-07-07,19,양천구,1,패션/잡화,369,392.78,392.78,377.0,6,344.44,385.76,405.63,416.85
2025-07-07,19,양천구,2,식품/신선,354,346.42,346.42,343.0,6,310.87,338.3,350.95,371.23
2025-07-07,23,종로구,2,식품/신선,101,94.79,94.79,100.0,6,76.97,92.2,99.5,107.72
2025-07-07,3,강북구,4,전자/가전,95,87.52,87.52,78.0,6,73.45,85.85,87.37,101.81
2025-07-07,18,송파구,3,생활용품,836,842.22,842.22,824.0,6,646.98,816.16,840.75,877.88
2025-07-07,8,금천구,1,패션/잡화,149,161.36,161.36,160.0,6,137.5,159.62,168.26,175.35
2025-07-07,7,구로구,4,전자/가전,146,142.22,142.22,136.0,6,123.56,140.68,149.42,158.05
2025-07-07,13,마포구,4,전자/가전,191,194.03,194.03,191.0,6,162.37,189.94,198.5,207.65
2025-07-07,18,송파구,4,전자/가전,348,330.39,330.39,306.0,6,294.71,325.22,344.16,348.15
2025-07-07,18,송파구,5,도서/문구,283,277.39,277.39,269.0,6,244.97,275.79,294.06,299.68
2025-07-07,3,강북구,5,도서/문구,65,72.44,72.44,62.0,6,56.59,66.88,66.73,78.14
2025-07-07,7,구로구,5,도서/문구,132,126.51,126.51,121.0,6,106.91,122.91,131.75,142.7
2025-07-07,1,강남구,2,식품/신선,623,679.93,679.93,669.0,6,570.11,656.92,704.61,722.93
2025-07-07,3,강북구,3,생활용품,207,217.0,217.0,213.0,6,191.23,215.91,235.57,254.66
2025-07-07,23,종로구,3,생활용품,89,118.0,118.0,117.0,6,100.74,111.74,115.56,124.86
2025-07-07,17,성북구,5,도서/문구,130,126.51,126.51,123.0,6,110.62,127.33,133.24,143.19
2025-07-07,23,종로구,5,도서/문구,44,44.52,44.52,33.0,6,34.0,41.99,47.74,58.98
2025-07-07,6,광진구,5,도서/문구,97,103.18,103.18,95.0,6,87.48,102.3,108.35,118.08
2025-07-07,3,강북구,1,패션/잡화,199,185.49,185.49,176.0,6,167.12,182.3,196.93,205.87
2025-07-07,17,성북구,2,식품/신선,296,319.53,319.53,322.0,6,285.18,318.18,332.89,336.69
2025-07-07,25,중랑구,5,도서/문구,108,105.25,105.25,97.0,6,89.01,102.84,108.19,117.98
2025-07-07,19,양천구,4,전자/가전,165,166.73,166.73,161.0,6,143.88,161.9,174.15,186.11
2025-07-07,13,마포구,3,생활용품,444,436.43,436.43,418.0,6,381.07,432.08,449.76,458.25
2025-07-07,9,노원구,1,패션/잡화,409,384.94,384.94,358.0,6,340.67,385.27,397.05,402.89
2025-07-07,13,마포구,5,도서/문구,128,151.38,151.38,141.0,6,130.59,149.09,160.79,166.85
2025-07-07,22,은평구,4,전자/가전,146,155.99,155.99,160.0,6,139.02,157.63,163.71,180.11
2025-07-07,17,성북구,3,생활용품,365,390.77,390.77,375.0,6,343.52,389.94,406.11,416.85
2025-07-07,7,구로구,1,패션/잡화,318,321.16,321.16,296.0,6,286.86,316.72,332.28,340.0
2025-07-07,25,중랑구,4,전자/가전,130,127.77,127.77,121.0,6,106.25,123.5,128.46,138.85
2025-07-07,23,종로구,4,전자/가전,40,51.29,51.29,47.0,6,38.04,46.92,51.48,61.12
2025-07-07,8,금천구,5,도서/문구,56,61.37,61.37,54.0,6,46.2,56.02,60.98,69.58
2025-07-07,19,양천구,3,생활용품,409,410.88,410.88,408.0,6,353.58,406.51,434.63,434.13
2025-07-07,3,강북구,2,식품/신선,208,190.54,190.54,188.0,6,154.51,185.47,199.78,209.42
2025-07-07,17,성북구,4,전자/가전,146,156.01,156.01,159.0,6,138.9,159.91,163.35,178.06
2025-07-07,12,동작구,3,생활용품,365,371.76,371.76,388.0,6,338.85,375.7,387.63,395.99
2025-07-07,8,금천구,4,전자/가전,76,79.18,79.18,67.0,6,64.95,76.7,81.51,90.41
2025-07-07,7,구로구,2,식품/신선,321,318.45,318.45,296.0,6,280.43,316.36,332.76,336.55
2025-07-07,19,양천구,5,도서/문구,136,128.25,128.25,124.0,6,113.75,127.6,129.69,140.09
2025-07-07,15,서초구,5,도서/문구,150,152.11,152.11,154.0,6,137.6,157.37,161.28,166.2
2025-07-07,23,종로구,1,패션/잡화,110,95.6,95.6,90.0,6,78.05,90.36,99.8,109.41
2025-07-07,6,광진구,1,패션/잡화,273,295.97,295.97,317.0,6,269.16,300.8,305.92,315.44
2025-07-07,1,강남구,4,전자/가전,292,312.54,312.54,297.0,6,282.14,308.05,317.18,320.32
2025-07-07,14,서대문구,4,전자/가전,129,112.83,112.83,92.0,6,96.08,110.65,117.68,131.43
2025-07-07,22,은평구,1,패션/잡화,355,358.75,358.75,348.0,6,316.76,354.31,371.51,377.52
2025-07-07,13,마포구,2,식품/신선,358,386.58,386.58,391.0,6,337.55,384.63,402.83,406.48
2025-07-07,1,강남구,1,패션/잡화,667,711.25,711.25,686.0,6,596.96,691.55,721.17,743.96
2025-07-07,2,강동구,2,식품/신선,405,405.05,405.05,396.0,6,351.91,403.65,426.98,422.41
2025-07-07,1,강남구,5,도서/문구,264,242.99,242.99,234.0,6,212.06,244.71,255.93,264.12
2025-07-07,10,도봉구,5,도서/문구,69,86.84,86.84,82.0,6,71.62,86.03,90.59,101.98
2025-07-07,5,관악구,1,패션/잡화,439,437.19,437.19,410.0,6,389.96,429.58,454.86,454.86
2025-07-07,5,관악구,5,도서/문구,184,187.38,187.38,188.0,6,157.15,182.71,196.0,202.95
2025-07-07,5,관악구,3,생활용품,520,512.4,512.4,506.0,6,429.52,500.05,531.19,553.13
2025-07-07,4,강서구,5,도서/문구,179,226.96,226.96,229.0,6,195.4,224.41,237.79,243.68
2025-07-07,11,동대문구,3,생활용품,277,324.69,324.69,311.0,6,287.71,320.46,338.6,343.34
2025-07-07,25,중랑구,2,식품/신선,252,258.93,258.93,246.0,6,227.31,259.36,275.59,286.16
2025-07-07,14,서대문구,5,도서/문구,86,92.04,92.04,84.0,6,77.16,90.84,96.37,106.99
2025-07-07,15,서초구,3,생활용품,456,490.84,490.84,490.0,6,425.93,485.93,512.01,535.86
2025-07-07,21,용산구,2,식품/신선,215,192.15,192.15,194.0,6,160.62,194.48,200.77,209.6
2025-07-07,24,중구,5,도서/문구,37,44.02,44.02,21.0,6,28.99,37.46,43.07,57.07
2025-07-07,25,중랑구,1,패션/잡화,258,265.23,265.23,259.0,6,238.47,270.4,279.61,290.11
2025-07-07,11,동대문구,2,식품/신선,291,257.57,257.57,241.0,6,226.0,258.54,274.91,282.38
2025-07-07,14,서대문구,2,식품/신선,237,238.39,238.39,238.0,6,213.7,244.0,254.66,271.59
2025-07-07,15,서초구,1,패션/잡화,422,438.5,438.5,417.0,6,394.6,433.29,460.21,475.12
2025-07-07,25,중랑구,3,생활용품,269,309.67,309.67,295.0,6,281.6,310.89,321.15,331.84
2025-07-07,11,동대문구,1,패션/잡화,271,281.57,281.57,300.0,6,247.32,281.49,300.52,307.25
2025-07-07,21,용산구,1,패션/잡화,188,212.0,212.0,192.0,6,188.03,209.11,231.36,254.92
2025-07-07,21,용산구,5,도서/문구,71,73.78,73.78,73.0,6,61.82,70.05,74.74,85.27
2025-07-07,15,서초구,2,식품/신선,394,403.32,403.32,396.0,6,349.19,394.75,420.3,416.65
2025-07-07,5,관악구,4,전자/가전,179,220.03,220.03,210.0,6,192.05,219.5,229.3,253.21
2025-07-07,20,영등포구,5,도서/문구,137,149.27,149.27,147.0,6,127.76,155.51,163.17,163.24
2025-07-07,21,용산구,3,생활용품,229,233.23,233.23,235.0,6,203.35,235.21,245.13,256.07
2025-07-07,12,동작구,1,패션/잡화,299,322.24,322.24,320.0,6,291.61,319.0,332.1,340.14
2025-07-07,2,강동구,1,패션/잡화,367,406.03,406.03,388.0,6,356.96,398.35,417.87,417.63
2025-07-07,20,영등포구,4,전자/가전,162,184.48,184.48,193.0,6,157.57,183.77,192.34,204.81
2025-07-07,21,용산구,4,전자/가전,81,97.89,97.89,85.0,6,80.95,96.85,101.24,110.24
2025-07-07,24,중구,4,전자/가전,42,44.73,44.73,34.0,6,34.26,43.56,48.65,60.73
2025-07-07,5,관악구,2,식품/신선,473,440.72,440.72,446.0,6,389.81,440.28,466.97,463.05
2025-07-07,14,서대문구,3,생활용품,274,269.29,269.29,265.0,6,245.24,273.25,282.33,294.11
2025-07-07,13,마포구,1,패션/잡화,390,399.06,399.06,376.0,6,344.65,392.9,414.43,417.63
2025-07-07,11,동대문구,4,전자/가전,127,115.98,115.98,102.0,6,99.08,114.43,123.08,138.11
2025-07-07,15,서초구,4,전자/가전,188,190.17,190.17,178.0,6,177.63,192.1,198.4,210.96
2025-07-07,11,동대문구,5,도서/문구,94,109.07,109.07,110.0,6,94.82,107.15,107.51,118.65
2025-07-07,10,도봉구,4,전자/가전,78,94.22,94.22,88.0,6,78.07,94.28,101.61,109.73
2025-07-08,8,금천구,5,도서/문구,53,55.94,55.94,57.0,7,42.74,54.77,61.21,67.76
2025-07-08,23,종로구,4,전자/가전,41,46.91,46.91,44.0,7,36.85,44.97,49.97,57.73
2025-07-08,25,중랑구,4,전자/가전,123,129.43,129.43,135.0,7,110.88,129.01,136.76,144.21
2025-07-08,11,동대문구,2,식품/신선,228,249.68,249.68,257.0,7,221.49,252.56,258.92,278.6
2025-07-08,25,중랑구,1,패션/잡화,281,266.05,266.05,268.0,7,240.88,265.32,285.74,295.47
2025-07-08,21,용산구,4,전자/가전,84,103.17,103.17,117.0,7,82.76,100.48,107.03,115.18
2025-07-08,19,양천구,3,생활용품,387,375.43,375.43,348.0,7,332.05,365.82,391.69,406.13
2025-07-08,17,성북구,3,생활용품,348,357.04,357.04,353.0,7,325.57,353.71,375.13,385.4
2025-07-08,13,마포구,4,전자/가전,169,174.62,174.62,176.0,7,149.81,173.7,183.08,192.91
2025-07-08,7,구로구,1,패션/잡화,274,323.99,323.99,327.0,7,293.3,321.78,333.35,353.45
2025-07-08,22,은평구,4,전자/가전,168,148.6,148.6,148.0,7,127.29,151.83,158.53,167.18
2025-07-08,18,송파구,4,전자/가전,350,328.8,328.8,319.0,7,293.27,328.04,338.83,351.58
2025-07-08,13,마포구,3,생활용품,377,411.62,411.62,405.0,7,367.96,410.29,431.62,441.24
2025-07-08,18,송파구,5,도서/문구,263,293.92,293.92,304.0,7,262.67,294.09,308.43,318.06
2025-07-08,3,강북구,1,패션/잡화,185,188.83,188.83,184.0,7,164.66,185.85,200.0,206.94
2025-07-08,17,성북구,2,식품/신선,273,295.87,295.87,303.0,7,264.67,299.42,310.47,315.51
2025-07-08,15,서초구,1,패션/잡화,427,410.42,410.42,416.0,7,369.89,402.32,434.5,445.21
2025-07-08,1,강남구,4,전자/가전,294,308.73,308.73,312.0,7,282.85,306.34,312.09,328.26
2025-07-08,21,용산구,5,도서/문구,65,88.22,88.22,98.0,7,73.17,88.35,95.15,105.9
2025-07-08,6,광진구,1,패션/잡화,253,290.28,290.28,305.0,7,261.78,291.72,304.31,313.77
2025-07-08,14,서대문구,2,식품/신선,213,241.15,241.15,259.0,7,204.8,239.73,259.17,277.86
2025-07-08,9,노원구,1,패션/잡화,371,400.96,400.96,415.0,7,355.65,393.63,428.49,436.29
2025-07-08,4,강서구,2,식품/신선,515,548.73,548.73,553.0,7,489.68,541.76,561.6,582.53
2025-07-08,3,강북구,5,도서/문구,68,69.34,69.34,62.0,7,58.75,68.46,73.48,82.95
2025-07-08,7,구로구,5,도서/문구,115,121.41,121.41,125.0,7,105.21,121.21,129.4,137.88
2025-07-08,21,용산구,1,패션/잡화,175,206.45,206.45,216.0,7,182.92,204.4,213.39,226.66
2025-07-08,14,서대문구,3,생활용품,259,266.52,266.52,269.0,7,237.5,264.03,283.75,293.52
2025-07-08,1,강남구,1,패션/잡화,631,689.87,689.87,710.0,7,617.24,682.04,714.87,741.96
2025-07-08,19,양천구,4,전자/가전,145,168.36,168.36,169.0,7,154.18,163.82,177.2,186.17
2025-07-08,7,구로구,4,전자/가전,135,132.72,132.72,128.0,7,119.35,134.24,140.61,148.99
2025-07-08,23,종로구,2,식품/신선,101,91.35,91.35,85.0,7,73.69,89.37,95.33,105.12
2025-07-08,13,마포구,1,패션/잡화,336,378.23,378.23,376.0,7,336.72,373.84,397.27,404.88
2025-07-08,1,강남구,5,도서/문구,243,239.24,239.24,246.0,7,211.13,239.65,250.87,267.78
2025-07-08,1,강남구,2,식품/신선,595,625.48,625.48,615.0,7,549.45,608.79,652.75,675.55
2025-07-08,8,금천구,3,생활용품,166,171.37,171.37,174.0,7,155.74,169.39,180.25,189.49
2025-07-08,12,동작구,4,전자/가전,159,137.78,137.78,139.0,7,122.91,139.41,148.43,153.56
2025-07-08,3,강북구,3,생활용품,217,202.97,202.97,192.0,7,177.19,207.08,218.09,231.08
2025-07-08,11,동대문구,4,전자/가전,116,112.11,112.11,118.0,7,96.34,114.6,123.12,130.59
2025-07-08,4,강서구,1,패션/잡화,507,575.87,575.87,567.0,7,506.55,556.49,585.88,633.16
2025-07-08,25,중랑구,2,식품/신선,240,257.52,257.52,257.0,7,230.04,259.99,267.36,290.35
2025-07-08,22,은평구,5,도서/문구,135,130.06,130.06,145.0,7,109.84,134.02,144.77,152.37
2025-07-08,19,양천구,1,패션/잡화,351,361.95,361.95,377.0,7,327.49,364.13,383.05,400.14
2025-07-08,18,송파구,1,패션/잡화,727,748.9,748.9,759.0,7,642.62,748.69,772.26,807.2
2025-07-08,18,송파구,2,식품/신선,673,699.32,699.32,721.0,7,628.97,708.21,741.7,768.23
2025-07-08,7,구로구,3,생활용품,356,348.1,348.1,367.0,7,325.91,359.01,373.5,385.97
2025-07-08,8,금천구,2,식품/신선,151,138.98,138.98,147.0,7,119.41,143.31,151.19,156.24
2025-07-08,14,서대문구,4,전자/가전,105,102.99,102.99,104.0,7,88.47,102.88,109.45,119.06
2025-07-08,21,용산구,2,식품/신선,181,195.84,195.84,195.0,7,171.07,195.27,204.37,216.49
2025-07-08,19,양천구,2,식품/신선,324,327.5,327.5,316.0,7,294.96,324.05,332.3,351.31
2025-07-08,5,관악구,1,패션/잡화,435,455.17,455.17,477.0,7,413.53,456.57,472.12,492.93
2025-07-08,21,용산구,3,생활용품,218,212.67,212.67,218.0,7,184.95,211.3,219.6,232.36
2025-07-08,8,금천구,1,패션/잡화,168,138.32,138.32,145.0,7,114.89,138.24,149.04,162.62
2025-07-08,17,성북구,4,전자/가전,131,143.43,143.43,150.0,7,129.93,146.17,154.42,160.23
2025-07-08,11,동대문구,3,생활용품,285,284.95,284.95,267.0,7,255.19,280.25,299.49,310.27
2025-07-08,18,송파구,3,생활용품,799,791.37,791.37,782.0,7,662.8,774.86,801.74,833.87
2025-07-08,8,금천구,4,전자/가전,80,72.99,72.99,68.0,7,60.02,72.74,78.05,86.95
2025-07-08,5,관악구,3,생활용품,457,478.1,478.1,486.0,7,433.87,477.97,490.91,515.2
2025-07-08,12,동작구,3,생활용품,335,370.57,370.57,381.0,7,332.46,368.37,391.21,395.33
2025-07-08,7,구로구,2,식품/신선,291,317.92,317.92,330.0,7,287.8,318.11,330.59,340.9
2025-07-08,3,강북구,4,전자/가전,90,91.22,91.22,94.0,7,75.27,90.02,95.32,106.52
2025-07-08,17,성북구,5,도서/문구,112,115.44,115.44,114.0,7,99.04,114.9,123.33,129.83
2025-07-08,23,종로구,3,생활용품,111,100.67,100.67,98.0,7,85.76,103.34,108.23,116.78
2025-07-08,5,관악구,2,식품/신선,374,430.11,430.11,421.0,7,390.77,425.84,461.7,461.97
2025-07-08,11,동대문구,5,도서/문구,100,101.77,101.77,93.0,7,85.74,102.2,106.95,114.73
2025-07-08,6,광진구,5,도서/문구,102,94.53,94.53,81.0,7,81.64,96.2,105.13,113.82
2025-07-08,14,서대문구,5,도서/문구,65,94.31,94.31,103.0,7,78.36,94.58,102.13,113.27
2025-07-08,3,강북구,2,식품/신선,211,188.89,188.89,192.0,7,163.49,188.1,200.78,210.96
2025-07-08,13,마포구,5,도서/문구,159,159.03,159.03,143.0,7,140.18,167.65,165.75,171.75
2025-07-08,2,강동구,1,패션/잡화,339,395.56,395.56,382.0,7,351.66,391.53,415.83,424.17
2025-07-08,24,중구,2,식품/신선,78,81.65,81.65,74.0,7,68.51,79.6,85.24,94.67
2025-07-08,20,영등포구,2,식품/신선,345,357.0,357.0,348.0,7,316.65,352.41,369.78,376.14
2025-07-08,2,강동구,4,전자/가전,160,180.4,180.4,163.0,7,160.58,189.99,195.5,207.88
2025-07-08,12,동작구,1,패션/잡화,312,315.16,315.16,322.0,7,287.11,311.87,326.12,341.04
2025-07-08,16,성동구,3,생활용품,270,285.37,285.37,285.0,7,254.87,286.98,300.21,306.12
2025-07-08,9,노원구,5,도서/문구,150,143.37,143.37,144.0,7,122.91,141.39,150.19,156.27
2025-07-08,5,관악구,4,전자/가전,198,205.11,205.11,193.0,7,171.01,201.9,207.58,223.92
2025-07-08,5,관악구,5,도서/문구,143,180.71,180.71,191.0,7,154.75,181.57,191.34,204.59
2025-07-08,23,종로구,1,패션/잡화,81,102.42,102.42,98.0,7,83.39,100.89,106.03,114.99
2025-07-08,1,강남구,3,생활용품,710,759.91,759.91,743.0,7,652.17,749.26,775.96,803.29
2025-07-08,10,도봉구,5,도서/문구,69,73.16,73.16,64.0,7,62.29,72.22,76.36,85.22
2025-07-08,15,서초구,3,생활용품,453,467.2,467.2,462.0,7,421.21,459.28,485.48,488.26
2025-07-08,16,성동구,4,전자/가전,113,116.85,116.85,124.0,7,101.07,119.27,126.09,135.22
2025-07-08,12,동작구,2,식품/신선,309,309.49,309.49,301.0,7,273.6,307.48,319.83,320.47
2025-07-08,9,노원구,4,전자/가전,152,189.4,189.4,197.0,7,166.33,195.17,199.95,208.79
2025-07-08,20,영등포구,1,패션/잡화,362,362.63,362.63,370.0,7,334.25,365.83,383.88,391.03
2025-07-08,4,강서구,5,도서/문구,202,207.46,207.46,214.0,7,179.4,206.72,217.12,227.5
2025-07-08,10,도봉구,1,패션/잡화,173,192.09,192.09,193.0,7,168.91,190.17,194.57,204.59
2025-07-08,4,강서구,3,생활용품,639,629.19,629.19,629.0,7,563.09,614.49,659.4,682.16
2025-07-08,12,동작구,5,도서/문구,111,117.7,117.7,115.0,7,100.63,116.29,120.38,128.81
2025-07-08,13,마포구,2,식품/신선,348,356.8,356.8,355.0,7,323.82,353.94,372.24,380.34
2025-07-08,15,서초구,5,도서/문구,144,138.42,138.42,136.0,7,119.49,139.65,144.81,151.48
2025-07-08,10,도봉구,3,생활용품,182,226.75,226.75,235.0,7,192.63,223.36,239.77,252.76
2025-07-08,24,중구,4,전자/가전,29,40.51,40.51,34.0,7,32.02,39.23,43.11,57.39
2025-07-08,2,강동구,3,생활용품,409,447.78,447.78,454.0,7,413.34,451.31,472.2,478.36
2025-07-08,16,성동구,1,패션/잡화,242,270.23,270.23,275.0,7,241.5,267.0,287.78,302.82
2025-07-08,10,도봉구,2,식품/신선,195,184.17,184.17,178.0,7,159.85,182.34,187.58,202.11
2025-07-08,20,영등포구,3,생활용품,382,410.94,410.94,403.0,7,365.63,409.55,430.36,440.76
2025-07-08,10,도봉구,4,전자/가전,88,93.88,93.88,94.0,7,76.42,95.02,100.9,112.4
2025-07-08,4,강서구,4,전자/가전,226,259.34,259.34,264.0,7,234.86,260.41,273.09,294.35
2025-07-08,22,은평구,1,패션/잡화,304,342.07,342.07,334.0,7,311.7,341.87,358.64,362.34
2025-07-08,20,영등포구,4,전자/가전,144,158.95,158.95,151.0,7,143.71,160.46,173.59,181.42
2025-07-08,24,중구,3,생활용품,90,112.24,112.24,119.0,7,93.83,111.63,117.99,126.94
2025-07-08,14,서대문구,1,패션/잡화,219,262.42,262.42,286.0,7,224.97,259.76,283.87,293.16
2025-07-08,6,광진구,2,식품/신선,244,263.23,263.23,252.0,7,229.3,262.95,272.49,290.71
2025-07-08,15,서초구,4,전자/가전,197,190.23,190.23,182.0,7,165.46,189.19,196.44,208.47
2025-07-08,2,강동구,2,식품/신선,355,394.55,394.55,435.0,7,350.31,388.27,418.28,436.26
2025-07-08,16,성동구,2,식품/신선,241,237.33,237.33,225.0,7,211.11,230.48,248.83,275.96
2025-07-08,22,은평구,2,식품/신선,296,347.54,347.54,363.0,7,314.2,357.55,372.77,385.97
2025-07-08,20,영등포구,5,도서/문구,151,136.68,136.68,139.0,7,118.65,138.36,146.43,153.67
2025-07-08,6,광진구,3,생활용품,282,310.08,310.08,305.0,7,281.99,306.1,319.13,325.99
2025-07-08,25,중랑구,3,생활용품,308,306.4,306.4,323.0,7,273.8,300.01,324.64,336.28
2025-07-08,19,양천구,5,도서/문구,112,124.63,124.63,121.0,7,105.69,121.39,128.88,140.01
2025-07-08,16,성동구,5,도서/문구,93,94.43,94.43,95.0,7,77.02,93.1,100.89,110.39
2025-07-08,15,서초구,2,식품/신선,383,411.13,411.13,429.0,7,360.19,401.22,429.46,436.8
2025-07-08,17,성북구,1,패션/잡화,310,322.12,322.12,298.0,7,284.17,315.53,325.27,341.79
2025-07-08,2,강동구,5,도서/문구,135,161.18,161.18,160.0,7,137.1,158.14,164.7,178.06
2025-07-08,9,노원구,2,식품/신선,365,366.65,366.65,351.0,7,328.74,360.42,384.66,400.96
2025-07-08,25,중랑구,5,도서/문구,74,96.41,96.41,100.0,7,81.3,95.68,102.54,112.18
2025-07-08,9,노원구,3,생활용품,428,436.74,436.74,431.0,7,394.14,430.88,455.68,468.9
2025-07-08,6,광진구,4,전자/가전,130,129.84,129.84,127.0,7,112.71,127.76,134.06,145.68
2025-07-08,22,은평구,3,생활용품,350,376.25,376.25,388.0,7,339.44,375.0,398.45,403.55
2025-07-08,11,동대문구,1,패션/잡화,275,264.59,264.59,262.0,7,239.9,262.37,276.79,290.71
2025-07-08,24,중구,1,패션/잡화,72,85.87,85.87,81.0,7,73.1,88.63,95.94,106.03
2025-07-08,23,종로구,5,도서/문구,37,40.3,40.3,34.0,7,31.94,38.59,41.61,56.71
2025-07-08,24,중구,5,도서/문구,27,39.8,39.8,26.0,7,29.64,35.4,39.84,56.71
2025-07-09,24,중구,4,전자/가전,25,36.08,36.08,32.0,8,27.11,35.63,40.14,56.77
2025-07-09,25,중랑구,2,식품/신선,214,236.7,236.7,237.0,8,208.25,245.81,245.86,262.6
2025-07-09,17,성북구,1,패션/잡화,253,274.61,274.61,257.0,8,248.04,268.83,288.31,300.75
2025-07-09,11,동대문구,4,전자/가전,99,100.92,100.92,103.0,8,86.16,103.41,108.33,118.08
2025-07-09,15,서초구,5,도서/문구,145,125.53,125.53,116.0,8,106.47,123.84,130.1,143.21
2025-07-09,14,서대문구,1,패션/잡화,204,213.67,213.67,199.0,8,193.56,214.34,220.62,237.23
2025-07-09,23,종로구,1,패션/잡화,99,80.24,80.24,76.0,8,69.01,84.23,89.74,100.99
2025-07-09,9,노원구,1,패션/잡화,326,346.3,346.3,329.0,8,312.05,343.0,357.22,373.92
2025-07-09,10,도봉구,4,전자/가전,66,77.13,77.13,76.0,8,66.84,77.81,84.64,94.58
2025-07-09,18,송파구,2,식품/신선,613,637.7,637.7,621.0,8,579.86,632.2,653.45,680.36
2025-07-09,15,서초구,4,전자/가전,186,166.75,166.75,172.0,8,154.41,168.41,179.02,188.98
2025-07-09,11,동대문구,1,패션/잡화,251,237.12,237.12,237.0,8,208.78,245.05,245.53,262.84
2025-07-09,2,강동구,2,식품/신선,349,356.17,356.17,349.0,8,327.71,361.44,369.25,383.64
2025-07-09,2,강동구,1,패션/잡화,344,370.93,370.93,380.0,8,341.59,370.77,391.85,399.68
2025-07-09,9,노원구,2,식품/신선,314,345.1,345.1,354.0,8,312.49,342.68,355.5,373.97
2025-07-09,13,마포구,5,도서/문구,125,113.01,113.01,91.0,8,94.35,116.24,126.62,135.29
2025-07-09,17,성북구,2,식품/신선,249,272.97,272.97,270.0,8,246.34,272.91,285.61,294.08
2025-07-09,7,구로구,5,도서/문구,111,95.85,95.85,87.0,8,83.34,98.16,106.71,115.96
2025-07-09,18,송파구,4,전자/가전,269,314.72,314.72,316.0,8,284.86,317.46,321.91,337.74
2025-07-09,15,서초구,1,패션/잡화,363,386.18,386.18,374.0,8,352.98,384.01,401.49,408.87
2025-07-09,2,강동구,3,생활용품,382,409.58,409.58,398.0,8,368.45,409.8,435.04,437.27
2025-07-09,23,종로구,5,도서/문구,24,35.87,35.87,28.0,8,27.03,35.12,38.3,56.46
2025-07-09,16,성동구,1,패션/잡화,218,227.91,227.91,218.0,8,202.41,227.29,237.47,247.08
2025-07-09,18,송파구,3,생활용품,736,707.11,707.11,688.0,8,637.28,706.85,734.77,763.62
2025-07-09,3,강북구,4,전자/가전,75,77.02,77.02,73.0,8,65.84,78.55,82.05,94.77
2025-07-09,10,도봉구,2,식품/신선,143,162.96,162.96,165.0,8,145.28,164.28,173.25,187.18
2025-07-09,24,중구,3,생활용품,87,93.6,93.6,94.0,8,79.49,96.83,102.7,111.99
2025-07-09,14,서대문구,3,생활용품,223,247.03,247.03,238.0,8,213.95,248.12,264.36,263.74
2025-07-09,10,도봉구,3,생활용품,195,209.83,209.83,206.0,8,185.98,211.16,218.79,229.5
2025-07-09,1,강남구,4,전자/가전,250,280.95,280.95,275.0,8,255.8,285.87,299.94,300.96
2025-07-09,8,금천구,1,패션/잡화,104,119.33,119.33,105.0,8,102.13,117.7,128.74,142.71
2025-07-09,13,마포구,4,전자/가전,158,148.67,148.67,149.0,8,136.59,154.76,158.95,172.5
2025-07-09,3,강북구,1,패션/잡화,164,154.7,154.7,160.0,8,141.13,159.26,171.4,180.42
2025-07-09,14,서대문구,5,도서/문구,90,82.94,82.94,76.0,8,71.57,84.14,92.58,103.31
2025-07-09,9,노원구,3,생활용품,370,404.79,404.79,398.0,8,361.88,401.36,422.42,434.58
2025-07-09,16,성동구,2,식품/신선,229,218.94,218.94,223.0,8,192.24,218.43,229.74,243.64
2025-07-09,12,동작구,3,생활용품,286,323.09,323.09,306.0,8,290.4,320.27,340.99,344.69
2025-07-09,17,성북구,5,도서/문구,103,112.69,112.69,118.0,8,97.82,113.38,117.36,125.43
2025-07-09,25,중랑구,3,생활용품,261,279.63,279.63,261.0,8,251.62,284.38,296.62,298.96
2025-07-09,11,동대문구,3,생활용품,246,281.1,281.1,290.0,8,253.51,284.37,290.81,301.32
2025-07-09,23,종로구,3,생활용품,94,98.52,98.52,103.0,8,83.05,99.21,102.67,112.61
2025-07-09,24,중구,5,도서/문구,22,35.36,35.36,20.0,8,25.42,33.28,37.96,56.46
2025-07-09,10,도봉구,5,도서/문구,76,67.78,67.78,66.0,8,59.1,68.95,74.14,84.81
2025-07-09,17,성북구,3,생활용품,315,327.92,327.92,322.0,8,300.87,324.71,341.46,355.87
2025-07-09,23,종로구,4,전자/가전,29,41.67,41.67,44.0,8,32.4,42.59,48.25,58.87
2025-07-09,8,금천구,4,전자/가전,43,62.08,62.08,51.0,8,52.48,62.31,69.19,76.87
2025-07-09,25,중랑구,1,패션/잡화,241,247.43,247.43,254.0,8,224.17,246.09,262.66,276.3
2025-07-09,17,성북구,4,전자/가전,122,126.05,126.05,120.0,8,110.92,127.81,136.38,144.92
2025-07-09,9,노원구,4,전자/가전,147,148.9,148.9,155.0,8,141.12,159.4,168.46,175.22
2025-07-09,25,중랑구,4,전자/가전,102,109.05,109.05,106.0,8,96.8,110.28,120.31,127.91
2025-07-09,3,강북구,2,식품/신선,170,164.86,164.86,166.0,8,145.63,165.98,175.18,187.63
2025-07-09,8,금천구,5,도서/문구,54,50.49,50.49,46.0,8,39.44,51.27,56.86,62.92
2025-07-09,16,성동구,4,전자/가전,94,106.47,106.47,113.0,8,89.84,107.54,113.53,122.02
2025-07-09,1,강남구,5,도서/문구,223,222.66,222.66,208.0,8,194.94,222.53,230.73,241.55
2025-07-09,12,동작구,2,식품/신선,258,296.58,296.58,296.0,8,266.04,296.32,303.74,308.62
2025-07-09,9,노원구,5,도서/문구,106,125.97,125.97,126.0,8,110.49,125.78,137.22,143.55
2025-07-09,8,금천구,2,식품/신선,133,130.3,130.3,132.0,8,112.84,131.82,137.97,148.34
2025-07-09,24,중구,1,패션/잡화,80,69.42,69.42,59.0,8,60.61,70.09,74.89,86.82
2025-07-09,18,송파구,1,패션/잡화,609,669.29,669.29,658.0,8,599.26,661.98,686.55,718.85
2025-07-09,16,성동구,5,도서/문구,86,84.35,84.35,82.0,8,71.55,85.91,90.4,103.23
2025-07-09,10,도봉구,1,패션/잡화,163,162.78,162.78,162.0,8,144.23,165.52,175.29,187.01
2025-07-09,24,중구,2,식품/신선,68,69.4,69.4,71.0,8,59.43,70.33,76.26,85.25
2025-07-09,2,강동구,5,도서/문구,130,134.8,134.8,129.0,8,116.49,137.0,143.6,155.83
2025-07-09,3,강북구,3,생활용품,187,173.38,173.38,171.0,8,156.65,177.12,181.78,191.87
2025-07-09,12,동작구,1,패션/잡화,260,273.3,273.3,266.0,8,250.68,274.24,284.83,295.84
2025-07-09,15,서초구,2,식품/신선,342,372.09,372.09,349.0,8,334.94,371.52,390.5,392.87
2025-07-09,14,서대문구,4,전자/가전,96,93.45,93.45,94.0,8,80.41,96.53,102.08,111.74
2025-07-09,2,강동구,4,전자/가전,147,148.39,148.39,150.0,8,138.71,155.54,163.01,172.79
2025-07-09,11,동대문구,2,식품/신선,228,242.1,242.1,241.0,8,214.26,244.0,257.99,266.17
2025-07-09,15,서초구,3,생활용품,408,419.73,419.73,410.0,8,377.94,415.37,439.3,441.74
2025-07-09,14,서대문구,2,식품/신선,210,217.49,217.49,215.0,8,192.24,217.45,225.46,236.46
2025-07-09,8,금천구,3,생활용품,149,148.05,148.05,158.0,8,131.23,155.52,163.74,168.74
2025-07-09,16,성동구,3,생활용품,254,256.12,256.12,237.0,8,221.93,261.69,261.99,278.84
2025-07-09,23,종로구,2,식품/신선,86,85.32,85.32,92.0,8,70.81,88.04,93.76,102.3
2025-07-09,1,강남구,3,생활용품,655,669.77,669.77,642.0,8,617.75,662.56,687.03,719.34
2025-07-09,11,동대문구,5,도서/문구,94,87.05,87.05,85.0,8,75.38,89.72,93.08,103.79
2025-07-09,22,은평구,5,도서/문구,124,120.71,120.71,118.0,8,103.12,119.35,125.97,133.38
2025-07-09,20,영등포구,1,패션/잡화,324,320.6,320.6,298.0,8,290.7,318.67,335.97,345.13
2025-07-09,21,용산구,1,패션/잡화,156,173.02,173.02,170.0,8,156.66,176.55,183.78,195.78
2025-07-09,21,용산구,5,도서/문구,59,72.17,72.17,72.0,8,62.45,74.33,78.93,88.91
2025-07-09,25,중랑구,5,도서/문구,73,94.44,94.44,99.0,8,80.36,97.12,99.91,110.47
2025-07-09,7,구로구,4,전자/가전,120,126.13,126.13,121.0,8,108.36,124.39,131.55,144.33
2025-07-09,4,강서구,4,전자/가전,207,238.29,238.29,237.0,8,209.11,240.76,242.79,262.6
2025-07-09,5,관악구,4,전자/가전,188,197.89,197.89,190.0,8,167.62,192.3,203.38,211.81
2025-07-09,6,광진구,3,생활용품,278,272.77,272.77,265.0,8,248.16,274.07,284.98,293.06
2025-07-09,19,양천구,5,도서/문구,104,110.32,110.32,112.0,8,98.17,111.79,118.88,126.52
2025-07-09,19,양천구,2,식품/신선,279,309.74,309.74,298.0,8,279.98,305.72,316.28,322.83
2025-07-09,4,강서구,5,도서/문구,155,200.18,200.18,184.0,8,170.87,196.67,203.87,214.37
2025-07-09,20,영등포구,2,식품/신선,342,319.3,319.3,315.0,8,287.59,318.37,330.35,344.3
2025-07-09,7,구로구,2,식품/신선,270,280.2,280.2,276.0,8,251.75,285.75,294.02,301.08
2025-07-09,4,강서구,3,생활용품,542,567.05,567.05,560.0,8,509.31,553.96,597.35,612.14
2025-07-09,20,영등포구,5,도서/문구,111,127.28,127.28,124.0,8,110.21,126.27,133.03,144.33
2025-07-09,1,강남구,2,식품/신선,566,595.69,595.69,607.0,8,536.53,596.87,630.16,643.84
2025-07-09,6,광진구,1,패션/잡화,240,268.36,268.36,257.0,8,240.69,261.52,280.32,289.38
2025-07-09,5,관악구,5,도서/문구,146,140.87,140.87,133.0,8,127.17,145.22,154.17,162.8
2025-07-09,6,광진구,4,전자/가전,109,117.3,117.3,121.0,8,101.01,114.46,124.86,133.24
2025-07-09,13,마포구,2,식품/신선,316,333.26,333.26,328.0,8,307.8,335.08,348.1,355.97
2025-07-09,22,은평구,3,생활용품,323,352.68,352.68,351.0,8,324.93,351.38,370.33,373.92
2025-07-09,22,은평구,1,패션/잡화,287,307.39,307.39,294.0,8,277.08,310.01,322.21,322.83
2025-07-09,19,양천구,1,패션/잡화,283,334.12,334.12,334.0,8,310.25,337.26,348.99,355.87
2025-07-09,4,강서구,2,식품/신선,458,475.68,475.68,469.0,8,429.26,469.85,489.01,500.98
2025-07-09,6,광진구,5,도서/문구,99,92.92,92.92,95.0,8,79.44,94.16,100.4,109.55
2025-07-09,20,영등포구,4,전자/가전,146,150.13,150.13,151.0,8,136.21,150.91,158.64,166.43
2025-07-09,19,양천구,3,생활용품,359,324.17,324.17,309.0,8,299.51,327.25,345.08,344.39
2025-07-09,3,강북구,5,도서/문구,61,58.48,58.48,49.0,8,49.42,61.62,69.19,75.02
2025-07-09,18,송파구,5,도서/문구,231,262.36,262.36,253.0,8,238.59,263.55,276.17,285.37
2025-07-09,7,구로구,1,패션/잡화,259,294.16,294.16,283.0,8,268.67,295.14,308.14,316.11
2025-07-09,5,관악구,2,식품/신선,359,404.02,404.02,413.0,8,367.38,405.72,424.04,431.22
2025-07-09,13,마포구,1,패션/잡화,331,337.28,337.28,318.0,8,308.13,340.63,351.95,369.71
2025-07-09,1,강남구,1,패션/잡화,577,584.29,584.29,546.0,8,527.85,557.45,595.69,634.59
2025-07-09,22,은평구,4,전자/가전,142,139.22,139.22,151.0,8,124.17,143.36,151.1,158.61
2025-07-09,5,관악구,1,패션/잡화,388,400.26,400.26,373.0,8,358.34,396.64,419.71,437.73
2025-07-09,12,동작구,4,전자/가전,100,129.65,129.65,131.0,8,116.16,132.49,137.38,145.05
2025-07-09,21,용산구,3,생활용품,177,202.56,202.56,195.0,8,175.77,201.37,208.44,221.67
2025-07-09,22,은평구,2,식품/신선,304,327.68,327.68,331.0,8,300.48,326.07,342.1,349.4
2025-07-09,13,마포구,3,생활용품,396,385.12,385.12,374.0,8,351.07,385.17,401.66,408.87
2025-07-09,21,용산구,2,식품/신선,174,177.0,177.0,180.0,8,159.17,177.91,181.28,194.2
2025-07-09,19,양천구,4,전자/가전,164,141.93,141.93,142.0,8,124.79,139.7,153.11,161.85
2025-07-09,6,광진구,2,식품/신선,228,232.54,232.54,220.0,8,203.15,233.09,238.34,247.08
2025-07-09,5,관악구,3,생활용품,457,435.54,435.54,423.0,8,394.27,433.42,465.19,452.71
2025-07-09,12,동작구,5,도서/문구,83,101.39,101.39,105.0,8,87.97,104.69,110.08,117.1
2025-07-09,20,영등포구,3,생활용품,373,362.77,362.77,350.0,8,330.74,365.95,372.66,384.9
2025-07-09,4,강서구,1,패션/잡화,462,493.55,493.55,487.0,8,440.13,486.1,509.62,534.53
2025-07-09,7,구로구,3,생활용품,314,324.69,324.69,312.0,8,292.72,324.71,337.6,349.64
2025-07-09,21,용산구,4,전자/가전,81,76.87,76.87,67.0,8,67.42,76.21,83.65,95.92
2025-07-10,20,영등포구,1,패션/잡화,316,322.53,322.53,322.0,9,298.49,319.45,335.99,351.98
2025-07-10,2,강동구,4,전자/가전,159,175.09,175.09,186.0,9,154.6,175.56,185.12,191.67
2025-07-10,16,성동구,4,전자/가전,110,98.38,98.38,96.0,9,83.78,101.43,108.42,116.65
2025-07-10,22,은평구,2,식품/신선,254,264.85,264.85,231.0,9,226.24,262.34,276.96,301.96
2025-07-10,6,광진구,3,생활용품,260,263.46,263.46,255.0,9,240.64,266.21,280.59,289.95
2025-07-10,1,강남구,3,생활용품,667,676.74,676.74,690.0,9,608.76,682.25,699.84,726.32
2025-07-10,16,성동구,3,생활용품,233,246.88,246.88,238.0,9,217.44,248.65,260.68,270.17
2025-07-10,9,노원구,5,도서/문구,145,127.7,127.7,122.0,9,110.09,127.88,135.21,143.01
2025-07-10,9,노원구,4,전자/가전,147,148.21,148.21,158.0,9,138.5,155.95,163.87,169.34
2025-07-10,4,강서구,3,생활용품,500,524.85,524.85,509.0,9,464.25,525.73,558.18,569.35
2025-07-10,18,송파구,4,전자/가전,268,305.73,305.73,297.0,9,275.67,309.11,313.76,317.19
2025-07-10,25,중랑구,5,도서/문구,81,87.82,87.82,75.0,9,74.04,89.51,94.08,105.97
2025-07-10,19,양천구,3,생활용품,324,340.89,340.89,347.0,9,312.61,340.88,355.86,369.34
2025-07-10,8,금천구,5,도서/문구,50,50.61,50.61,38.0,9,38.34,48.51,57.85,61.98
2025-07-10,17,성북구,3,생활용품,313,314.7,314.7,316.0,9,285.73,316.52,324.29,341.48
2025-07-10,7,구로구,1,패션/잡화,249,270.83,270.83,260.0,9,247.8,272.62,285.13,292.78
2025-07-10,23,종로구,4,전자/가전,31,41.92,41.92,47.0,9,32.4,43.03,48.84,58.87
2025-07-10,13,마포구,3,생활용품,351,363.69,363.69,358.0,9,334.73,369.36,369.87,380.69
2025-07-10,19,양천구,4,전자/가전,147,135.06,135.06,128.0,9,120.72,137.69,146.81,155.3
2025-07-10,9,노원구,1,패션/잡화,360,331.67,331.67,326.0,9,303.64,331.41,342.85,352.4
2025-07-10,13,마포구,5,도서/문구,128,127.54,127.54,122.0,9,108.27,128.19,135.04,143.01
2025-07-10,17,성북구,2,식품/신선,215,244.88,244.88,230.0,9,217.65,244.98,258.13,267.33
2025-07-10,24,중구,1,패션/잡화,66,76.34,76.34,74.0,9,64.82,78.21,85.5,98.95
2025-07-10,3,강북구,1,패션/잡화,164,155.7,155.7,157.0,9,141.61,161.09,170.93,178.81
2025-07-10,4,강서구,2,식품/신선,465,417.65,417.65,399.0,9,370.82,417.45,439.07,443.25
2025-07-10,9,노원구,2,식품/신선,293,304.05,304.05,280.0,9,269.99,306.76,317.46,319.19
2025-07-10,23,종로구,5,도서/문구,34,36.36,36.36,27.0,9,27.58,37.08,39.05,56.46
2025-07-10,17,성북구,1,패션/잡화,290,276.75,276.75,285.0,9,255.9,284.03,290.89,301.44
2025-07-10,22,은평구,3,생활용품,334,357.72,357.72,367.0,9,329.05,358.02,367.72,378.62
2025-07-10,19,양천구,5,도서/문구,97,110.54,110.54,105.0,9,94.16,111.46,121.38,126.79
2025-07-10,12,동작구,2,식품/신선,264,238.36,238.36,221.0,9,209.49,239.0,250.13,254.19
2025-07-10,16,성동구,5,도서/문구,88,82.1,82.1,76.0,9,68.97,84.46,89.4,100.99
2025-07-10,2,강동구,5,도서/문구,107,140.12,140.12,151.0,9,124.17,140.81,151.52,160.8
2025-07-10,6,광진구,4,전자/가전,130,123.19,123.19,128.0,9,104.21,124.81,131.36,140.09
2025-07-10,6,광진구,5,도서/문구,92,92.26,92.26,90.0,9,78.16,92.85,100.03,107.91
2025-07-10,9,노원구,3,생활용품,373,387.98,387.98,373.0,9,346.59,388.74,401.12,410.9
2025-07-10,16,성동구,1,패션/잡화,220,215.78,215.78,218.0,9,197.61,219.89,230.07,239.01
2025-07-10,24,중구,2,식품/신선,68,68.52,68.52,66.0,9,58.84,68.98,74.23,82.95
2025-07-10,11,동대문구,1,패션/잡화,213,228.45,228.45,225.0,9,200.82,230.92,237.82,254.84
2025-07-10,2,강동구,1,패션/잡화,357,328.54,328.54,312.0,9,301.83,331.83,344.43,357.06
2025-07-10,5,관악구,4,전자/가전,165,184.55,184.55,175.0,9,163.81,181.81,187.36,194.64
2025-07-10,15,서초구,1,패션/잡화,343,360.0,360.0,342.0,9,330.48,357.76,369.01,370.86
2025-07-10,21,용산구,5,도서/문구,71,71.48,71.48,75.0,9,61.17,73.79,79.42,90.33
2025-07-10,21,용산구,1,패션/잡화,206,151.13,151.13,144.0,9,133.01,158.42,165.46,180.59
2025-07-10,11,동대문구,2,식품/신선,197,215.71,215.71,206.0,9,192.15,216.32,222.69,234.63
2025-07-10,1,강남구,1,패션/잡화,566,607.77,607.77,610.0,9,545.06,601.53,633.38,656.45
2025-07-10,25,중랑구,1,패션/잡화,221,238.97,238.97,240.0,9,209.59,238.7,249.94,265.92
2025-07-10,14,서대문구,2,식품/신선,177,189.35,189.35,174.0,9,166.34,192.83,195.87,211.21
2025-07-10,14,서대문구,5,도서/문구,79,72.99,72.99,68.0,9,62.62,72.69,77.52,87.0
2025-07-10,1,강남구,5,도서/문구,239,218.29,218.29,226.0,9,197.42,224.37,234.72,247.74
2025-07-10,5,관악구,3,생활용품,438,443.69,443.69,453.0,9,409.4,446.95,468.25,469.39
2025-07-10,11,동대문구,3,생활용품,238,261.54,261.54,250.0,9,232.93,267.62,275.7,283.11
2025-07-10,21,용산구,4,전자/가전,68,75.7,75.7,65.0,9,65.35,74.86,81.91,93.65
2025-07-10,21,용산구,2,식품/신선,128,145.49,145.49,143.0,9,125.17,148.1,156.7,171.36
2025-07-10,14,서대문구,4,전자/가전,108,98.15,98.15,103.0,9,83.77,100.35,102.39,112.95
2025-07-10,5,관악구,1,패션/잡화,382,396.53,396.53,373.0,9,358.96,398.04,410.74,427.42
2025-07-10,5,관악구,2,식품/신선,333,361.78,361.78,342.0,9,333.92,366.67,380.97,384.9
2025-07-10,11,동대문구,4,전자/가전,87,110.12,110.12,120.0,9,95.62,111.99,115.38,125.01
2025-07-10,25,중랑구,2,식품/신선,192,215.43,215.43,214.0,9,191.65,218.86,222.94,232.05
2025-07-10,14,서대문구,3,생활용품,263,240.35,240.35,226.0,9,208.32,241.49,247.54,259.59
2025-07-10,21,용산구,3,생활용품,176,189.11,189.11,176.0,9,166.3,189.43,191.39,200.95
2025-07-10,11,동대문구,5,도서/문구,95,84.8,84.8,75.0,9,74.06,86.6,93.43,103.31
2025-07-10,1,강남구,4,전자/가전,254,287.96,287.96,291.0,9,264.33,290.97,303.37,309.56
2025-07-10,24,중구,5,도서/문구,33,35.62,35.62,27.0,9,25.59,33.43,38.56,56.46
2025-07-10,20,영등포구,2,식품/신선,279,281.29,281.29,277.0,9,251.04,277.06,299.45,306.01
2025-07-10,4,강서구,5,도서/문구,167,193.33,193.33,190.0,9,169.73,188.29,200.75,206.84
2025-07-10,20,영등포구,5,도서/문구,110,117.12,117.12,104.0,9,98.75,117.8,125.24,134.4
2025-07-10,10,도봉구,1,패션/잡화,150,154.96,154.96,162.0,9,138.94,155.2,166.43,177.52
2025-07-10,16,성동구,2,식품/신선,200,213.54,213.54,235.0,9,192.47,216.11,222.79,246.24
2025-07-10,12,동작구,5,도서/문구,120,91.66,91.66,78.0,9,77.58,96.64,101.17,110.88
2025-07-10,6,광진구,2,식품/신선,199,212.47,212.47,204.0,9,189.21,211.44,219.82,234.63
2025-07-10,14,서대문구,1,패션/잡화,193,209.47,209.47,213.0,9,189.43,211.28,215.33,225.97
2025-07-10,20,영등포구,3,생활용품,330,363.33,363.33,363.0,9,329.71,368.06,378.28,385.39
2025-07-10,10,도봉구,2,식품/신선,141,145.38,145.38,146.0,9,128.71,146.64,153.58,167.04
2025-07-10,2,강동구,3,생활용품,370,389.4,389.4,379.0,9,352.77,389.8,401.12,410.9
2025-07-10,4,강서구,4,전자/가전,233,224.51,224.51,222.0,9,200.41,226.54,235.35,243.99
2025-07-10,24,중구,3,생활용품,79,89.98,89.98,87.0,9,76.65,90.42,96.16,105.87
2025-07-10,10,도봉구,3,생활용품,192,182.21,182.21,164.0,9,155.49,184.67,188.13,199.92
2025-07-10,15,서초구,5,도서/문구,141,130.48,130.48,124.0,9,113.5,129.52,135.79,143.42
2025-07-10,6,광진구,1,패션/잡화,200,234.53,234.53,212.0,9,206.23,234.69,244.2,257.95
2025-07-10,13,마포구,2,식품/신선,308,313.32,313.32,304.0,9,285.58,313.5,319.41,326.22
2025-07-10,15,서초구,4,전자/가전,168,157.1,157.1,157.0,9,140.03,160.03,167.32,180.93
2025-07-10,22,은평구,1,패션/잡화,303,300.55,300.55,289.0,9,273.37,300.7,312.02,321.0
2025-07-10,10,도봉구,4,전자/가전,57,74.82,74.82,67.0,9,63.76,74.51,81.67,93.47
2025-07-10,12,동작구,1,패션/잡화,268,259.96,259.96,248.0,9,234.98,265.79,275.03,283.28
2025-07-10,20,영등포구,4,전자/가전,136,149.22,149.22,153.0,9,131.3,154.58,158.95,166.13
2025-07-10,2,강동구,2,식품/신선,290,323.81,323.81,306.0,9,297.43,322.98,340.55,344.35
2025-07-10,15,서초구,3,생활용품,405,433.31,433.31,438.0,9,398.29,425.26,444.74,449.79
2025-07-10,24,중구,4,전자/가전,32,36.34,36.34,28.0,9,27.11,35.28,39.47,56.77
2025-07-10,5,관악구,5,도서/문구,156,158.7,158.7,160.0,9,138.96,156.56,166.17,176.6
2025-07-10,10,도봉구,5,도서/문구,70,65.01,65.01,58.0,9,57.48,67.62,74.23,80.5
2025-07-10,25,중랑구,3,생활용품,245,255.0,255.0,246.0,9,228.42,257.38,266.46,276.81
2025-07-10,15,서초구,2,식품/신선,320,312.16,312.16,288.0,9,279.69,310.88,325.11,333.68
2025-07-10,22,은평구,4,전자/가전,151,128.92,128.92,123.0,9,113.33,128.73,135.54,149.0
2025-07-10,13,마포구,1,패션/잡화,336,354.34,354.34,370.0,9,325.93,352.15,365.96,388.78
2025-07-10,17,성북구,5,도서/문구,115,110.6,110.6,114.0,9,97.82,111.36,116.85,124.74
2025-07-10,7,구로구,5,도서/문구,100,95.82,95.82,91.0,9,81.76,97.28,106.11,114.66
2025-07-10,1,강남구,2,식품/신선,492,503.5,503.5,484.0,9,443.21,494.93,538.22,537.45
2025-07-10,23,종로구,2,식품/신선,61,74.55,74.55,71.0,9,62.76,73.97,79.14,86.99
2025-07-10,25,중랑구,4,전자/가전,112,107.84,107.84,106.0,9,93.68,109.64,116.65,124.55
2025-07-10,19,양천구,1,패션/잡화,267,313.35,313.35,306.0,9,285.46,312.3,322.87,329.96
2025-07-10,4,강서구,1,패션/잡화,431,478.37,478.37,481.0,9,431.62,471.8,499.66,499.51
2025-07-10,18,송파구,1,패션/잡화,642,627.82,627.82,612.0,9,577.43,620.99,648.95,678.49
2025-07-10,17,성북구,4,전자/가전,143,126.02,126.02,116.0,9,110.0,126.57,132.17,139.34
2025-07-10,18,송파구,2,식품/신선,545,602.83,602.83,589.0,9,535.68,602.34,628.55,647.63
2025-07-10,22,은평구,5,도서/문구,121,110.09,110.09,103.0,9,96.03,112.23,117.13,125.47
2025-07-10,18,송파구,5,도서/문구,234,256.96,256.96,245.0,9,232.08,256.07,266.74,280.77
2025-07-10,3,강북구,3,생활용품,164,160.88,160.88,146.0,9,141.73,163.44,177.83,184.32
2025-07-10,3,강북구,5,도서/문구,59,68.66,68.66,70.0,9,54.46,69.27,74.98,81.36
2025-07-10,12,동작구,4,전자/가전,119,117.33,117.33,107.0,9,102.49,118.27,126.99,134.66
2025-07-10,13,마포구,4,전자/가전,158,144.32,144.32,141.0,9,124.89,148.22,155.83,167.51
2025-07-10,8,금천구,4,전자/가전,47,66.22,66.22,59.0,9,55.6,67.3,72.31,82.19
2025-07-10,19,양천구,2,식품/신선,249,289.0,289.0,280.0,9,259.24,291.13,303.81,310.68
2025-07-10,7,구로구,4,전자/가전,121,122.68,122.68,118.0,9,102.77,121.38,127.24,136.29
2025-07-10,18,송파구,3,생활용품,702,755.15,755.15,751.0,9,659.76,748.22,784.02,801.15
2025-07-10,8,금천구,3,생활용품,165,145.86,145.86,153.0,9,130.65,151.82,158.27,165.85
2025-07-10,23,종로구,3,생활용품,91,95.96,95.96,100.0,9,80.59,98.26,102.03,111.4
2025-07-10,3,강북구,4,전자/가전,77,74.7,74.7,66.0,9,63.46,74.58,81.29,92.39
2025-07-10,7,구로구,3,생활용품,310,310.52,310.52,317.0,9,285.64,313.78,323.99,338.39
2025-07-10,8,금천구,2,식품/신선,91,114.29,114.29,107.0,9,97.0,113.67,123.85,130.87
2025-07-10,3,강북구,2,식품/신선,133,141.38,141.38,138.0,9,124.86,140.71,151.15,161.74
2025-07-10,23,종로구,1,패션/잡화,78,81.15,81.15,72.0,9,68.52,83.52,88.93,98.86
2025-07-10,7,구로구,2,식품/신선,228,256.47,256.47,242.0,9,221.42,257.24,271.25,278.15
2025-07-10,12,동작구,3,생활용품,287,322.09,322.09,321.0,9,291.24,319.99,334.72,350.05
2025-07-10,8,금천구,1,패션/잡화,139,131.74,131.74,141.0,9,118.18,130.56,141.21,150.59
2025-07-11,3,강북구,5,도서/문구,61,70.82,70.82,73.0,10,58.82,73.46,79.51,86.78
2025-07-11,2,강동구,4,전자/가전,187,161.09,161.09,171.0,10,154.26,165.85,177.78,186.0
2025-07-11,18,송파구,4,전자/가전,317,284.57,284.57,272.0,10,251.04,286.62,295.59,304.68
2025-07-11,5,관악구,4,전자/가전,201,204.04,204.04,203.0,10,174.82,203.59,214.47,222.85
2025-07-11,25,중랑구,3,생활용품,266,284.56,284.56,289.0,10,265.79,287.69,302.05,310.61
2025-07-11,12,동작구,3,생활용품,323,306.52,306.52,296.0,10,280.25,308.28,319.29,323.61
2025-07-11,8,금천구,3,생활용품,180,143.26,143.26,145.0,10,127.92,144.23,154.6,165.98
2025-07-11,6,광진구,3,생활용품,292,259.92,259.92,242.0,10,231.23,259.12,276.25,286.24
2025-07-11,21,용산구,5,도서/문구,50,69.39,69.39,71.0,10,59.55,70.64,76.32,84.73
2025-07-11,18,송파구,5,도서/문구,248,262.7,262.7,259.0,10,240.26,266.56,271.61,282.37
2025-07-11,10,도봉구,5,도서/문구,71,68.26,68.26,68.0,10,58.01,68.95,72.79,82.77
2025-07-11,12,동작구,4,전자/가전,125,126.51,126.51,129.0,10,112.2,128.92,135.4,143.73
2025-07-11,2,강동구,1,패션/잡화,359,353.84,353.84,359.0,10,322.05,350.14,366.25,375.19
2025-07-11,1,강남구,1,패션/잡화,632,600.53,600.53,577.0,10,530.07,594.29,625.66,647.76
2025-07-11,17,성북구,5,도서/문구,110,108.06,108.06,105.0,10,93.81,109.83,117.04,124.5
2025-07-11,19,양천구,2,식품/신선,263,303.21,303.21,303.0,10,278.01,302.42,311.63,319.96
2025-07-11,11,동대문구,1,패션/잡화,246,205.13,205.13,191.0,10,184.34,206.4,214.78,225.33
2025-07-11,16,성동구,4,전자/가전,126,109.01,109.01,116.0,10,95.62,107.6,112.94,122.06
2025-07-11,25,중랑구,5,도서/문구,99,91.72,91.72,86.0,10,77.44,91.74,96.98,106.66
2025-07-11,15,서초구,2,식품/신선,333,327.05,327.05,330.0,10,303.43,326.93,343.81,350.7
2025-07-11,4,강서구,3,생활용품,571,526.68,526.68,538.0,10,460.1,515.62,549.92,560.25
2025-07-11,8,금천구,1,패션/잡화,137,135.76,135.76,143.0,10,119.43,134.7,144.8,153.82
2025-07-11,24,중구,1,패션/잡화,83,71.54,71.54,66.0,10,62.22,69.87,75.74,86.25
2025-07-11,20,영등포구,1,패션/잡화,361,328.66,328.66,333.0,10,307.86,331.17,345.31,352.11
2025-07-11,4,강서구,5,도서/문구,195,188.98,188.98,178.0,10,166.69,183.06,187.45,196.46
2025-07-11,9,노원구,4,전자/가전,170,142.94,142.94,143.0,10,124.9,147.04,156.1,169.19
2025-07-11,6,광진구,4,전자/가전,106,117.62,117.62,116.0,10,99.76,116.55,121.12,128.96
2025-07-11,20,영등포구,5,도서/문구,138,120.89,120.89,115.0,10,100.75,119.87,126.7,135.92
2025-07-11,5,관악구,5,도서/문구,163,153.34,153.34,153.0,10,139.17,154.65,160.04,168.53
2025-07-11,1,강남구,3,생활용품,688,693.97,693.97,723.0,10,616.11,682.25,712.33,736.7
2025-07-11,6,광진구,2,식품/신선,236,218.12,218.12,231.0,10,202.58,221.96,226.89,242.57
2025-07-11,15,서초구,4,전자/가전,173,177.02,177.02,179.0,10,159.73,177.63,182.53,189.66
2025-07-11,12,동작구,5,도서/문구,105,105.24,105.24,106.0,10,91.77,107.15,111.26,121.56
2025-07-11,7,구로구,3,생활용품,335,306.52,306.52,298.0,10,283.32,307.4,314.24,325.54
2025-07-11,6,광진구,1,패션/잡화,255,244.3,244.3,238.0,10,214.7,245.41,260.45,268.3
2025-07-11,2,강동구,3,생활용품,423,407.7,407.7,410.0,10,373.05,410.45,428.91,433.96
2025-07-11,10,도봉구,3,생활용품,198,203.77,203.77,205.0,10,180.81,207.79,214.4,221.6
2025-07-11,22,은평구,1,패션/잡화,302,309.78,309.78,310.0,10,286.94,312.32,317.46,324.52
2025-07-11,8,금천구,2,식품/신선,128,119.99,119.99,113.0,10,98.55,117.91,125.73,135.92
2025-07-11,13,마포구,2,식품/신선,288,299.73,299.73,292.0,10,269.79,297.25,311.97,317.32
2025-07-11,14,서대문구,1,패션/잡화,217,234.67,234.67,255.0,10,213.98,235.6,248.7,266.34
2025-07-11,16,성동구,1,패션/잡화,238,212.04,212.04,219.0,10,194.72,213.23,222.51,236.01
2025-07-11,20,영등포구,3,생활용품,342,357.1,357.1,352.0,10,327.24,361.75,368.97,376.64
2025-07-11,24,중구,3,생활용품,99,92.98,92.98,90.0,10,78.23,92.69,97.68,106.85
2025-07-11,4,강서구,4,전자/가전,241,230.39,230.39,235.0,10,206.78,235.71,242.84,257.57
2025-07-11,15,서초구,5,도서/문구,152,142.96,142.96,158.0,10,126.59,149.01,159.12,156.95
2025-07-11,10,도봉구,2,식품/신선,130,143.15,143.15,149.0,10,128.69,145.28,153.43,166.06
2025-07-11,9,노원구,5,도서/문구,122,134.79,134.79,136.0,10,119.41,136.04,142.46,148.06
2025-07-11,12,동작구,1,패션/잡화,311,270.12,270.12,280.0,10,246.3,270.37,287.14,294.78
2025-07-11,23,종로구,2,식품/신선,79,76.66,76.66,75.0,10,63.85,76.89,82.63,93.55
2025-07-11,16,성동구,3,생활용품,269,262.96,262.96,271.0,10,235.58,264.25,276.56,287.45
2025-07-11,24,중구,4,전자/가전,30,38.91,38.91,30.0,10,27.65,37.59,42.45,56.77
2025-07-11,13,마포구,4,전자/가전,142,148.16,148.16,152.0,10,138.49,153.78,159.04,169.36
2025-07-11,15,서초구,3,생활용품,425,439.05,439.05,455.0,10,402.76,433.12,452.52,462.32
2025-07-11,22,은평구,2,식품/신선,293,272.58,272.58,261.0,10,253.62,281.32,289.53,295.68
2025-07-11,3,강북구,3,생활용품,187,186.17,186.17,188.0,10,159.65,182.91,198.55,201.41
2025-07-11,18,송파구,2,식품/신선,604,588.47,588.47,571.0,10,530.07,590.07,617.31,637.05
2025-07-11,2,강동구,2,식품/신선,288,298.36,298.36,285.0,10,269.67,304.12,316.43,322.68
2025-07-11,20,영등포구,2,식품/신선,323,311.94,311.94,325.0,10,277.14,311.51,325.74,338.68
2025-07-11,20,영등포구,4,전자/가전,147,145.56,145.56,146.0,10,128.58,146.13,153.46,162.86
2025-07-11,22,은평구,5,도서/문구,113,114.82,114.82,118.0,10,98.0,115.63,120.24,126.86
2025-07-11,18,송파구,1,패션/잡화,648,692.08,692.08,715.0,10,608.25,681.68,711.85,736.7
2025-07-11,10,도봉구,1,패션/잡화,166,173.42,173.42,174.0,10,158.97,171.41,178.36,185.97
2025-07-11,10,도봉구,4,전자/가전,58,80.15,80.15,83.0,10,65.66,80.48,86.5,100.72
2025-07-11,19,양천구,1,패션/잡화,340,317.56,317.56,320.0,10,290.21,318.35,328.8,346.98
2025-07-11,16,성동구,2,식품/신선,205,205.82,205.82,207.0,10,182.93,207.38,215.46,226.1
2025-07-11,24,중구,2,식품/신선,74,68.74,68.74,65.0,10,58.92,68.98,74.32,82.95
2025-07-11,7,구로구,2,식품/신선,284,259.08,259.08,252.0,10,233.04,260.02,266.39,280.97
2025-07-11,22,은평구,4,전자/가전,131,138.22,138.22,147.0,10,123.77,140.81,148.27,158.57
2025-07-11,15,서초구,1,패션/잡화,413,372.61,372.61,380.0,10,345.23,375.44,388.72,395.68
2025-07-11,17,성북구,3,생활용품,362,325.52,325.52,338.0,10,305.48,329.04,342.5,350.66
2025-07-11,4,강서구,1,패션/잡화,482,476.17,476.17,505.0,10,437.41,484.52,502.4,514.12
2025-07-11,9,노원구,1,패션/잡화,333,350.44,350.44,337.0,10,319.58,349.62,361.18,369.85
2025-07-11,14,서대문구,5,도서/문구,86,79.0,79.0,76.0,10,67.61,82.55,88.6,100.96
2025-07-11,7,구로구,4,전자/가전,142,130.53,130.53,141.0,10,116.17,130.56,139.81,150.13
2025-07-11,9,노원구,2,식품/신선,331,316.26,316.26,331.0,10,291.93,319.6,333.45,344.26
2025-07-11,5,관악구,3,생활용품,448,438.42,438.42,432.0,10,398.37,435.16,461.63,459.93
2025-07-11,25,중랑구,1,패션/잡화,261,237.17,237.17,243.0,10,207.26,239.59,250.03,262.58
2025-07-11,1,강남구,5,도서/문구,235,215.61,215.61,216.0,10,197.42,219.54,223.48,233.93
2025-07-11,11,동대문구,5,도서/문구,86,87.05,87.05,84.0,10,74.94,88.06,92.87,103.82
2025-07-11,4,강서구,2,식품/신선,449,419.91,419.91,417.0,10,393.93,420.29,436.07,442.22
2025-07-11,8,금천구,4,전자/가전,61,63.76,63.76,62.0,10,54.31,62.99,68.59,78.32
2025-07-11,21,용산구,4,전자/가전,69,74.35,74.35,71.0,10,63.37,74.05,79.61,88.38
2025-07-11,6,광진구,5,도서/문구,103,95.19,95.19,99.0,10,80.38,98.13,102.35,111.79
2025-07-11,11,동대문구,3,생활용품,284,256.63,256.63,251.0,10,230.71,259.68,266.07,280.11
2025-07-11,17,성북구,4,전자/가전,166,128.81,128.81,132.0,10,114.23,129.96,139.11,145.32
2025-07-11,16,성동구,5,도서/문구,74,89.24,89.24,95.0,10,74.14,90.57,96.56,107.6
2025-07-11,21,용산구,2,식품/신선,159,152.26,152.26,162.0,10,138.34,154.63,165.24,176.2
2025-07-11,23,종로구,4,전자/가전,40,42.14,42.14,37.0,10,31.58,41.22,46.84,57.11
2025-07-11,17,성북구,2,식품/신선,271,254.34,254.34,252.0,10,230.82,258.41,266.35,275.6
2025-07-11,25,중랑구,2,식품/신선,209,224.82,224.82,234.0,10,202.71,229.16,234.36,250.4
2025-07-11,7,구로구,5,도서/문구,104,102.89,102.89,99.0,10,89.57,106.62,110.61,119.55
2025-07-11,11,동대문구,4,전자/가전,117,104.19,104.19,103.0,10,89.56,105.44,110.59,120.61
2025-07-11,14,서대문구,4,전자/가전,110,102.65,102.65,107.0,10,89.69,105.14,108.33,116.57
2025-07-11,3,강북구,1,패션/잡화,177,173.42,173.42,176.0,10,156.17,171.41,181.06,187.66
2025-07-11,25,중랑구,4,전자/가전,109,101.1,101.1,101.0,10,85.68,104.97,111.32,120.56
2025-07-11,19,양천구,4,전자/가전,153,141.81,141.81,137.0,10,124.36,142.19,155.45,160.56
2025-07-11,5,관악구,1,패션/잡화,410,408.56,408.56,412.0,10,371.73,410.88,428.57,436.34
2025-07-11,5,관악구,2,식품/신선,344,354.94,354.94,351.0,10,326.8,351.87,369.28,375.19
2025-07-11,14,서대문구,2,식품/신선,197,198.36,198.36,197.0,10,177.94,200.37,207.71,216.48
2025-07-11,14,서대문구,3,생활용품,240,246.21,246.21,255.0,10,221.86,247.63,260.42,271.35
2025-07-11,13,마포구,5,도서/문구,152,129.81,129.81,131.0,10,114.98,129.7,136.66,144.05
2025-07-11,7,구로구,1,패션/잡화,279,268.28,268.28,261.0,10,248.71,271.19,284.26,292.97
2025-07-11,24,중구,5,도서/문구,17,35.84,35.84,31.0,10,26.59,33.82,39.9,56.46
2025-07-11,3,강북구,2,식품/신선,146,135.6,135.6,123.0,10,118.85,134.49,145.37,156.76
2025-07-11,23,종로구,3,생활용품,83,99.0,99.0,107.0,10,82.88,99.52,104.85,113.34
2025-07-11,11,동대문구,2,식품/신선,205,217.58,217.58,231.0,10,202.06,221.96,234.04,247.87
2025-07-11,8,금천구,5,도서/문구,55,52.81,52.81,53.0,10,38.75,50.34,61.5,66.49
2025-07-11,9,노원구,3,생활용품,387,407.7,407.7,406.0,10,367.97,407.48,425.83,433.96
2025-07-11,21,용산구,1,패션/잡화,219,171.99,171.99,172.0,10,153.77,167.14,176.29,185.73
2025-07-11,19,양천구,5,도서/문구,135,113.21,113.21,111.0,10,96.3,113.06,121.37,126.92
2025-07-11,19,양천구,3,생활용품,363,344.53,344.53,337.0,10,317.24,345.26,352.46,369.85
2025-07-11,23,종로구,1,패션/잡화,85,86.53,86.53,89.0,10,71.94,86.15,92.53,103.92
2025-07-11,13,마포구,1,패션/잡화,354,333.02,333.02,324.0,10,305.34,337.28,344.14,356.04
2025-07-11,3,강북구,4,전자/가전,70,82.1,82.1,85.0,10,67.55,84.85,90.32,102.15
2025-07-11,23,종로구,5,도서/문구,24,38.7,38.7,31.0,10,27.58,37.43,41.75,56.46
2025-07-11,21,용산구,3,생활용품,204,211.52,211.52,237.0,10,189.68,214.07,224.19,246.48
2025-07-11,18,송파구,3,생활용품,809,766.4,766.4,773.0,10,662.8,752.27,788.02,812.11
2025-07-11,22,은평구,3,생활용품,375,348.52,348.52,343.0,10,317.24,346.51,358.84,370.99
2025-07-11,17,성북구,1,패션/잡화,281,285.4,285.4,280.0,10,257.27,289.1,302.61,307.95
2025-07-11,1,강남구,2,식품/신선,520,531.23,531.23,543.0,10,468.92,519.48,556.34,568.84
2025-07-11,12,동작구,2,식품/신선,266,259.82,259.82,259.0,10,236.03,269.73,266.04,283.15
2025-07-11,2,강동구,5,도서/문구,121,131.34,131.34,124.0,10,114.33,129.08,138.62,150.82
2025-07-11,13,마포구,3,생활용품,400,382.91,382.91,387.0,10,345.62,380.97,399.7,410.56
2025-07-11,1,강남구,4,전자/가전,291,278.83,278.83,281.0,10,249.33,285.12,289.81,299.92
2025-07-12,7,구로구,5,도서/문구,80,86.58,86.58,89.0,11,73.96,84.85,94.22,104.56
2025-07-12,8,금천구,2,식품/신선,94,93.93,93.93,92.0,11,79.45,96.65,104.1,110.93
2025-07-12,21,용산구,3,생활용품,144,156.23,156.23,144.0,11,136.5,163.8,172.96,184.5
2025-07-12,11,동대문구,4,전자/가전,82,84.52,84.52,83.0,11,70.14,84.35,93.08,103.58
2025-07-12,2,강동구,2,식품/신선,252,257.12,257.12,249.0,11,233.7,256.8,266.45,280.66
2025-07-12,1,강남구,4,전자/가전,223,216.89,216.89,201.0,11,196.03,220.08,229.45,235.12
2025-07-12,18,송파구,4,전자/가전,231,254.11,254.11,264.0,11,230.61,260.54,264.41,268.32
2025-07-12,11,동대문구,5,도서/문구,69,67.65,67.65,61.0,11,55.32,69.57,74.35,86.2
2025-07-12,23,종로구,2,식품/신선,56,59.77,59.77,57.0,11,47.12,62.33,68.14,80.07
2025-07-12,6,광진구,1,패션/잡화,205,204.49,204.49,201.0,11,186.58,205.21,215.65,218.13
2025-07-12,14,서대문구,3,생활용품,195,202.58,202.58,194.0,11,177.13,203.91,215.47,222.93
2025-07-12,25,중랑구,2,식품/신선,163,169.86,169.86,159.0,11,143.56,170.01,181.13,194.48
2025-07-12,15,서초구,4,전자/가전,131,131.63,131.63,129.0,11,114.72,134.08,142.86,153.55
2025-07-12,12,동작구,1,패션/잡화,254,221.75,221.75,222.0,11,201.5,221.72,228.98,238.4
2025-07-12,4,강서구,4,전자/가전,165,182.37,182.37,172.0,11,158.82,178.16,184.8,196.82
2025-07-12,25,중랑구,3,생활용품,207,225.0,225.0,211.0,11,201.37,222.73,230.42,240.4
2025-07-12,7,구로구,3,생활용품,256,267.56,267.56,268.0,11,245.21,265.89,280.03,280.41
2025-07-12,10,도봉구,3,생활용품,155,163.94,163.94,156.0,11,142.99,168.42,177.57,185.39
2025-07-12,24,중구,3,생활용품,66,80.57,80.57,86.0,11,68.18,79.32,87.7,99.38
2025-07-12,10,도봉구,4,전자/가전,72,60.49,60.49,61.0,11,50.3,62.41,67.94,82.41
2025-07-12,23,종로구,1,패션/잡화,70,73.16,73.16,75.0,11,60.62,73.03,76.69,93.71
2025-07-12,5,관악구,1,패션/잡화,315,327.03,327.03,330.0,11,306.01,331.09,345.71,347.22
2025-07-12,1,강남구,1,패션/잡화,471,488.32,488.32,503.0,11,454.23,504.58,537.57,535.53
2025-07-12,21,용산구,4,전자/가전,56,68.95,68.95,73.0,11,57.42,69.6,74.95,87.13
2025-07-12,15,서초구,2,식품/신선,292,275.66,275.66,282.0,11,248.43,273.33,291.6,294.64
2025-07-12,8,금천구,1,패션/잡화,138,102.95,102.95,96.0,11,91.04,101.15,114.77,120.38
2025-07-12,11,동대문구,2,식품/신선,172,173.33,173.33,161.0,11,143.7,173.12,183.35,191.44
2025-07-12,2,강동구,1,패션/잡화,277,287.84,287.84,276.0,11,259.51,290.09,305.73,305.43
2025-07-12,13,마포구,1,패션/잡화,290,275.13,275.13,272.0,11,246.88,273.24,291.53,291.44
2025-07-12,20,영등포구,5,도서/문구,90,94.12,94.12,92.0,11,79.59,97.63,104.78,110.93
2025-07-12,21,용산구,1,패션/잡화,126,147.48,147.48,164.0,11,127.3,147.75,157.97,169.46
2025-07-12,24,중구,5,도서/문구,22,26.71,26.71,12.0,11,19.92,27.09,33.86,56.46
2025-07-12,11,동대문구,1,패션/잡화,183,194.14,194.14,199.0,11,179.68,191.13,194.81,209.19
2025-07-12,15,서초구,5,도서/문구,119,108.91,108.91,114.0,11,97.3,107.72,120.33,121.69
2025-07-12,5,관악구,4,전자/가전,142,159.26,159.26,165.0,11,139.74,160.02,170.54,181.19
2025-07-12,3,강북구,4,전자/가전,62,62.31,62.31,64.0,11,47.87,60.96,68.14,82.25
2025-07-12,3,강북구,5,도서/문구,49,50.88,50.88,50.0,11,40.98,53.45,61.6,74.02
2025-07-12,15,서초구,1,패션/잡화,271,307.19,307.19,302.0,11,287.19,313.75,317.05,319.56
2025-07-12,4,강서구,5,도서/문구,143,160.51,160.51,159.0,11,137.21,157.83,166.45,178.01
2025-07-12,18,송파구,3,생활용품,561,608.35,608.35,586.0,11,558.65,606.92,630.51,650.61
2025-07-12,14,서대문구,5,도서/문구,70,64.04,64.04,62.0,11,53.29,64.98,71.12,82.51
2025-07-12,18,송파구,5,도서/문구,185,200.4,200.4,179.0,11,175.62,200.22,213.63,218.22
2025-07-12,25,중랑구,1,패션/잡화,184,194.43,194.43,190.0,11,174.67,189.48,201.48,210.16
2025-07-12,1,강남구,2,식품/신선,390,427.78,427.78,418.0,11,392.36,428.29,439.29,446.69
2025-07-12,20,영등포구,4,전자/가전,110,123.11,123.11,120.0,11,106.33,123.33,132.03,142.65
2025-07-12,14,서대문구,4,전자/가전,72,74.45,74.45,69.0,11,63.55,74.54,84.38,94.83
2025-07-12,18,송파구,2,식품/신선,448,469.75,469.75,455.0,11,430.93,470.91,499.08,498.82
2025-07-12,5,관악구,5,도서/문구,112,114.15,114.15,98.0,11,95.63,116.18,126.78,136.19
2025-07-12,21,용산구,2,식품/신선,108,129.65,129.65,131.0,11,114.02,130.07,136.76,146.11
2025-07-12,15,서초구,3,생활용품,343,340.88,340.88,321.0,11,312.03,338.41,350.37,374.05
2025-07-12,11,동대문구,3,생활용품,202,202.31,202.31,187.0,11,177.03,201.54,215.79,221.02
2025-07-12,7,구로구,4,전자/가전,94,94.91,94.91,92.0,11,81.22,97.15,110.76,114.36
2025-07-12,24,중구,4,전자/가전,29,29.78,29.78,29.0,11,21.0,30.62,35.93,56.77
2025-07-12,22,은평구,5,도서/문구,91,94.29,94.29,94.0,11,78.21,94.07,105.11,110.25
2025-07-12,21,용산구,5,도서/문구,54,52.25,52.25,53.0,11,42.94,54.7,62.08,75.61
2025-07-12,1,강남구,5,도서/문구,164,193.05,193.05,191.0,11,173.7,191.83,201.1,202.5
2025-07-12,14,서대문구,2,식품/신선,152,157.77,157.77,156.0,11,137.85,162.16,169.76,178.06
2025-07-12,5,관악구,3,생활용품,349,353.1,353.1,341.0,11,328.98,358.36,370.41,379.69
2025-07-12,10,도봉구,5,도서/문구,62,52.25,52.25,56.0,11,42.92,54.19,61.71,72.9
2025-07-12,5,관악구,2,식품/신선,270,288.71,288.71,278.0,11,259.48,290.86,307.06,305.86
2025-07-12,14,서대문구,1,패션/잡화,148,173.34,173.34,162.0,11,143.7,170.35,189.03,195.16
2025-07-12,2,강동구,4,전자/가전,115,130.41,130.41,133.0,11,118.18,130.2,139.11,148.75
2025-07-12,7,구로구,2,식품/신선,186,198.13,198.13,178.0,11,177.03,200.9,213.19,219.51
2025-07-12,6,광진구,3,생활용품,215,223.96,223.96,227.0,11,201.68,222.95,228.83,245.87
2025-07-12,12,동작구,4,전자/가전,108,95.71,95.71,92.0,11,79.96,97.6,107.31,116.15
2025-07-12,6,광진구,5,도서/문구,68,78.7,78.7,81.0,11,64.73,80.32,87.79,99.04
2025-07-12,8,금천구,3,생활용품,105,124.59,124.59,128.0,11,108.23,123.59,133.35,143.0
2025-07-12,9,노원구,5,도서/문구,91,104.72,104.72,109.0,11,89.33,102.03,118.36,121.69
2025-07-12,16,성동구,3,생활용품,183,214.33,214.33,207.0,11,195.79,216.44,217.85,232.3
2025-07-12,4,강서구,3,생활용품,443,427.03,427.03,404.0,11,382.96,429.42,447.05,448.79
2025-07-12,22,은평구,2,식품/신선,220,233.54,233.54,236.0,11,209.87,236.66,241.35,256.4
2025-07-12,9,노원구,3,생활용품,310,326.03,326.03,323.0,11,294.46,321.93,337.81,348.01
2025-07-12,19,양천구,1,패션/잡화,252,267.93,267.93,283.0,11,250.04,266.62,287.78,293.87
2025-07-12,17,성북구,2,식품/신선,196,212.56,212.56,211.0,11,193.16,213.54,218.7,232.7
2025-07-12,1,강남구,3,생활용품,493,517.4,517.4,520.0,11,466.8,519.22,539.45,568.34
2025-07-12,25,중랑구,4,전자/가전,70,93.99,93.99,96.0,11,77.96,91.83,100.2,108.09
2025-07-12,19,양천구,4,전자/가전,108,116.59,116.59,115.0,11,101.7,117.34,125.28,134.17
2025-07-12,3,강북구,1,패션/잡화,123,131.62,131.62,133.0,11,118.0,131.76,138.67,152.04
2025-07-12,3,강북구,3,생활용품,166,131.03,131.03,120.0,11,112.67,136.15,148.37,159.74
2025-07-12,24,중구,2,식품/신선,57,52.73,52.73,49.0,11,42.6,54.22,61.71,72.98
2025-07-12,8,금천구,4,전자/가전,44,55.28,55.28,67.0,11,44.72,55.16,60.72,75.64
2025-07-12,20,영등포구,2,식품/신선,218,229.73,229.73,211.0,11,202.89,225.53,239.69,255.05
2025-07-12,4,강서구,2,식품/신선,328,325.55,325.55,315.0,11,302.18,327.91,346.14,360.44
2025-07-12,25,중랑구,5,도서/문구,72,72.56,72.56,73.0,11,61.8,72.83,80.83,90.41
2025-07-12,12,동작구,2,식품/신선,185,211.48,211.48,192.0,11,191.19,214.45,216.97,227.58
2025-07-12,16,성동구,5,도서/문구,47,67.38,67.38,66.0,11,57.13,67.69,72.11,83.03
2025-07-12,2,강동구,5,도서/문구,104,107.17,107.17,105.0,11,93.5,104.04,120.57,126.33
2025-07-12,13,마포구,2,식품/신선,231,241.54,241.54,243.0,11,212.4,244.31,251.69,263.32
2025-07-12,23,종로구,5,도서/문구,29,29.57,29.57,24.0,11,20.67,30.31,35.55,56.46
2025-07-12,23,종로구,3,생활용품,79,72.23,72.23,69.0,11,59.78,73.33,82.37,87.32
2025-07-12,6,광진구,4,전자/가전,89,91.51,91.51,85.0,11,74.36,93.51,101.2,109.24
2025-07-12,17,성북구,5,도서/문구,87,91.28,91.28,90.0,11,76.36,90.99,99.69,107.56
2025-07-12,17,성북구,1,패션/잡화,229,237.77,237.77,229.0,11,214.37,235.78,248.56,259.55
2025-07-12,19,양천구,2,식품/신선,229,226.99,226.99,217.0,11,200.45,224.0,237.97,255.12
2025-07-12,9,노원구,4,전자/가전,138,140.12,140.12,162.0,11,124.28,137.13,152.88,164.3
2025-07-12,13,마포구,5,도서/문구,73,101.92,101.92,107.0,11,87.76,100.22,114.63,118.65
2025-07-12,20,영등포구,1,패션/잡화,256,256.29,256.29,237.0,11,221.45,253.16,262.96,288.62
2025-07-12,9,노원구,2,식품/신선,223,234.82,234.82,222.0,11,206.2,237.96,244.23,260.87
2025-07-12,4,강서구,1,패션/잡화,411,409.63,409.63,425.0,11,385.88,418.73,446.09,434.55
2025-07-12,16,성동구,4,전자/가전,91,77.19,77.19,70.0,11,63.55,83.17,90.56,102.01
2025-07-12,22,은평구,3,생활용품,278,297.84,297.84,289.0,11,268.84,301.21,312.05,308.42
2025-07-12,24,중구,1,패션/잡화,68,61.73,61.73,63.0,11,51.05,62.13,66.15,80.66
2025-07-12,10,도봉구,1,패션/잡화,140,131.62,131.62,131.0,11,114.62,131.76,140.24,153.55
2025-07-12,19,양천구,5,도서/문구,86,97.25,97.25,106.0,11,81.69,95.87,106.42,112.25
2025-07-12,7,구로구,1,패션/잡화,222,207.71,207.71,187.0,11,188.42,211.07,220.24,229.76
2025-07-12,17,성북구,4,전자/가전,107,108.76,108.76,106.0,11,93.5,105.54,118.81,121.03
2025-07-12,19,양천구,3,생활용품,287,287.19,287.19,279.0,11,259.12,290.44,305.29,303.64
2025-07-12,8,금천구,5,도서/문구,29,42.55,42.55,42.0,11,30.99,42.11,54.98,62.96
2025-07-12,20,영등포구,3,생활용품,250,320.35,320.35,327.0,11,291.22,319.22,338.08,342.75
2025-07-12,13,마포구,3,생활용품,262,313.43,313.43,320.0,11,286.64,314.3,325.85,338.28
2025-07-12,12,동작구,5,도서/문구,81,86.58,86.58,89.0,11,73.96,84.85,94.74,106.12
2025-07-12,22,은평구,4,전자/가전,99,119.91,119.91,121.0,11,99.33,111.84,125.4,138.98
2025-07-12,10,도봉구,2,식품/신선,103,111.9,111.9,111.0,11,97.87,113.25,122.79,133.57
2025-07-12,12,동작구,3,생활용품,235,261.75,261.75,263.0,11,244.44,265.89,274.62,280.06
2025-07-12,16,성동구,1,패션/잡화,189,200.89,200.89,212.0,11,182.09,199.72,205.29,212.55
2025-07-12,23,종로구,4,전자/가전,37,33.01,33.01,16.0,11,23.6,34.56,40.35,57.11
2025-07-12,9,노원구,1,패션/잡화,277,276.94,276.94,277.0,11,250.95,274.49,293.23,298.16
2025-07-12,3,강북구,2,식품/신선,151,112.14,112.14,105.0,11,95.73,110.14,121.55,132.98
2025-07-12,6,광진구,2,식품/신선,155,178.54,178.54,164.0,11,151.14,178.64,184.03,194.79
2025-07-12,13,마포구,4,전자/가전,120,124.78,124.78,125.0,11,110.57,124.06,133.59,144.05
2025-07-12,2,강동구,3,생활용품,304,341.89,341.89,339.0,11,315.44,341.44,351.33,361.03
2025-07-12,18,송파구,1,패션/잡화,488,534.72,534.72,535.0,11,472.74,525.88,555.89,584.8
2025-07-12,16,성동구,2,식품/신선,154,155.36,155.36,154.0,11,138.34,160.75,167.35,177.19
2025-07-12,22,은평구,1,패션/잡화,239,258.47,258.47,263.0,11,236.49,259.99,268.59,276.68
2025-07-12,17,성북구,3,생활용품,254,268.41,268.41,274.0,11,245.21,269.87,288.26,291.04
2025-07-13,9,노원구,2,식품/신선,207,238.05,238.05,243.0,12,214.76,240.45,255.57,257.2
2025-07-13,19,양천구,3,생활용품,284,255.17,255.17,246.0,12,230.97,259.38,269.74,278.29
2025-07-13,1,강남구,4,전자/가전,184,202.7,202.7,201.0,12,183.22,203.58,207.04,218.24
2025-07-13,14,서대문구,5,도서/문구,68,69.35,69.35,72.0,12,57.62,70.21,74.47,86.95
2025-07-13,13,마포구,5,도서/문구,93,96.03,96.03,86.0,12,77.71,95.69,107.45,112.76
2025-07-13,7,구로구,1,패션/잡화,186,200.52,200.52,197.0,12,184.16,201.37,206.56,216.23
2025-07-13,18,송파구,4,전자/가전,249,249.76,249.76,266.0,12,231.52,254.88,260.03,264.75
2025-07-13,5,관악구,1,패션/잡화,294,304.49,304.49,296.0,12,273.94,306.45,311.17,311.14
2025-07-13,17,성북구,1,패션/잡화,198,210.52,210.52,221.0,12,191.75,214.46,218.77,235.87
2025-07-13,8,금천구,5,도서/문구,41,44.63,44.63,51.0,12,32.13,44.02,54.93,64.91
2025-07-13,21,용산구,4,전자/가전,66,57.48,57.48,54.0,12,48.94,62.78,68.06,79.18
2025-07-13,5,관악구,3,생활용품,347,327.29,327.29,334.0,12,297.52,325.87,344.29,346.82
2025-07-13,11,동대문구,2,식품/신선,152,147.84,147.84,137.0,12,129.09,148.42,158.13,167.94
2025-07-13,23,종로구,5,도서/문구,13,29.85,29.85,41.0,12,22.21,31.93,38.09,56.46
2025-07-13,12,동작구,2,식품/신선,179,190.96,190.96,182.0,12,166.53,187.21,186.72,199.5
2025-07-13,21,용산구,1,패션/잡화,153,129.38,129.38,133.0,12,119.07,129.88,140.04,151.04
2025-07-13,2,강동구,5,도서/문구,103,117.23,117.23,122.0,12,98.69,115.14,126.62,140.56
2025-07-13,22,은평구,4,전자/가전,112,98.85,98.85,98.0,12,84.91,101.92,109.11,119.5
2025-07-13,3,강북구,4,전자/가전,54,56.48,56.48,53.0,12,43.35,59.08,66.73,76.51
2025-07-13,21,용산구,3,생활용품,143,143.93,143.93,137.0,12,121.04,138.98,148.74,161.5
2025-07-13,24,중구,5,도서/문구,21,26.99,26.99,21.0,12,20.25,27.29,33.72,56.46
2025-07-13,18,송파구,3,생활용품,525,553.86,553.86,526.0,12,514.48,554.62,583.05,589.21
2025-07-13,23,종로구,3,생활용품,70,64.37,64.37,54.0,12,52.35,69.85,78.02,84.43
2025-07-13,1,강남구,5,도서/문구,189,153.33,153.33,148.0,12,135.49,155.37,161.93,171.57
2025-07-13,22,은평구,3,생활용품,252,268.13,268.13,273.0,12,246.6,270.65,282.5,292.45
2025-07-13,9,노원구,1,패션/잡화,273,264.91,264.91,275.0,12,239.44,270.06,281.1,288.44
2025-07-13,25,중랑구,1,패션/잡화,197,182.87,182.87,174.0,12,162.2,177.98,181.44,196.34
2025-07-13,5,관악구,2,식품/신선,292,272.38,272.38,287.0,12,252.21,272.08,288.75,291.71
2025-07-13,3,강북구,2,식품/신선,103,115.05,115.05,122.0,12,99.37,112.95,122.39,138.19
2025-07-13,21,용산구,2,식품/신선,101,107.22,107.22,101.0,12,94.64,109.85,118.59,131.61
2025-07-13,13,마포구,3,생활용품,293,270.73,270.73,262.0,12,249.88,272.67,285.57,290.19
2025-07-13,17,성북구,2,식품/신선,185,194.77,194.77,183.0,12,175.61,192.16,200.97,208.12
2025-07-13,7,구로구,5,도서/문구,61,79.23,79.23,77.0,12,65.43,81.8,89.27,103.38
2025-07-13,3,강북구,1,패션/잡화,118,130.78,130.78,137.0,12,118.37,126.38,136.25,153.04
2025-07-13,14,서대문구,4,전자/가전,83,73.6,73.6,69.0,12,62.43,74.82,84.82,95.41
2025-07-13,17,성북구,4,전자/가전,105,90.92,90.92,76.0,12,73.86,96.89,107.7,113.45
2025-07-13,19,양천구,4,전자/가전,109,105.72,105.72,100.0,12,91.29,108.56,116.25,123.13
2025-07-13,11,동대문구,4,전자/가전,77,86.9,86.9,94.0,12,75.45,86.45,95.43,105.54
2025-07-13,11,동대문구,5,도서/문구,74,69.77,69.77,70.0,12,57.85,69.22,75.19,87.04
2025-07-13,7,구로구,4,전자/가전,93,94.23,94.23,94.0,12,78.77,95.91,103.13,112.06
2025-07-13,6,광진구,5,도서/문구,56,68.63,68.63,68.0,12,57.87,68.89,77.91,86.39
2025-07-13,23,종로구,1,패션/잡화,64,67.97,67.97,69.0,12,55.22,65.89,72.38,80.91
2025-07-13,14,서대문구,2,식품/신선,135,146.54,146.54,145.0,12,124.93,145.01,156.21,166.38
2025-07-13,11,동대문구,3,생활용품,203,203.86,203.86,205.0,12,183.14,204.47,210.93,218.56
2025-07-13,23,종로구,4,전자/가전,24,33.89,33.89,37.0,12,25.96,35.85,41.44,57.11
2025-07-13,1,강남구,2,식품/신선,424,380.2,380.2,354.0,12,333.47,376.15,394.49,391.4
2025-07-13,19,양천구,2,식품/신선,212,206.14,206.14,203.0,12,183.26,206.68,214.86,229.96
2025-07-13,8,금천구,4,전자/가전,51,52.14,52.14,46.0,12,40.65,53.07,60.36,70.36
2025-07-13,12,동작구,4,전자/가전,85,108.41,108.41,126.0,12,94.23,106.14,115.57,127.64
2025-07-13,14,서대문구,3,생활용품,179,198.45,198.45,199.0,12,180.47,196.76,202.96,210.86
2025-07-13,4,강서구,2,식품/신선,351,316.93,316.93,320.0,12,297.22,324.91,333.89,344.66
2025-07-13,4,강서구,1,패션/잡화,336,367.73,367.73,369.0,12,343.23,375.29,389.86,397.15
2025-07-13,17,성북구,3,생활용품,223,237.01,237.01,226.0,12,210.86,238.14,252.66,263.26
2025-07-13,25,중랑구,4,전자/가전,74,85.12,85.12,78.0,12,71.56,87.42,92.41,106.12
2025-07-13,14,서대문구,1,패션/잡화,139,147.38,147.38,141.0,12,129.09,147.65,157.43,167.17
2025-07-13,9,노원구,3,생활용품,288,284.25,284.25,275.0,12,258.47,291.3,305.57,307.5
2025-07-13,6,광진구,2,식품/신선,163,173.45,173.45,176.0,12,156.13,166.81,175.55,185.97
2025-07-13,18,송파구,1,패션/잡화,509,487.44,487.44,507.0,12,454.0,504.98,535.78,524.08
2025-07-13,10,도봉구,1,패션/잡화,118,119.9,119.9,115.0,12,102.85,117.58,127.43,142.5
2025-07-13,10,도봉구,4,전자/가전,55,65.4,65.4,67.0,12,51.4,65.35,69.71,80.28
2025-07-13,20,영등포구,2,식품/신선,204,224.28,224.28,234.0,12,203.21,226.71,230.85,249.31
2025-07-13,16,성동구,2,식품/신선,158,146.7,146.7,136.0,12,121.65,145.05,156.21,163.4
2025-07-13,20,영등포구,4,전자/가전,115,117.27,117.27,120.0,12,98.99,115.22,121.45,132.53
2025-07-13,1,강남구,3,생활용품,496,510.95,510.95,530.0,12,458.7,510.74,544.18,549.28
2025-07-13,1,강남구,1,패션/잡화,414,428.38,428.38,407.0,12,383.32,429.63,435.71,453.23
2025-07-13,5,관악구,5,도서/문구,119,109.79,109.79,108.0,12,93.45,108.96,117.35,128.47
2025-07-13,15,서초구,3,생활용품,318,298.81,298.81,285.0,12,265.8,302.88,311.9,313.09
2025-07-13,19,양천구,1,패션/잡화,234,247.42,247.42,251.0,12,226.54,253.85,260.3,272.52
2025-07-13,19,양천구,5,도서/문구,88,99.56,99.56,112.0,12,84.07,96.84,106.57,112.18
2025-07-13,4,강서구,3,생활용품,408,403.07,403.07,400.0,12,361.2,404.49,419.57,428.61
2025-07-13,24,중구,4,전자/가전,29,30.06,30.06,25.0,12,21.2,30.89,35.99,56.77
2025-07-13,2,강동구,2,식품/신선,201,233.23,233.23,230.0,12,210.66,240.01,240.47,262.76
2025-07-13,24,중구,2,식품/신선,51,52.49,52.49,49.0,12,40.74,52.3,59.95,71.04
2025-07-13,25,중랑구,3,생활용품,204,205.4,205.4,206.0,12,183.12,206.36,211.25,222.2
2025-07-13,12,동작구,3,생활용품,250,240.64,240.64,249.0,12,221.37,248.56,251.81,265.28
2025-07-13,15,서초구,5,도서/문구,127,92.26,92.26,78.0,12,73.83,98.71,107.84,113.45
2025-07-13,20,영등포구,3,생활용품,284,283.66,283.66,271.0,12,258.44,288.16,304.9,303.67
2025-07-13,23,종로구,2,식품/신선,46,60.18,60.18,58.0,12,45.86,61.94,66.73,76.69
2025-07-13,24,중구,3,생활용품,72,71.21,71.21,70.0,12,58.37,71.42,78.84,87.72
2025-07-13,10,도봉구,2,식품/신선,98,120.3,120.3,118.0,12,99.3,118.66,123.82,141.83
2025-07-13,6,광진구,1,패션/잡화,177,195.12,195.12,194.0,12,167.8,191.39,199.76,208.67
2025-07-13,13,마포구,4,전자/가전,99,116.7,116.7,107.0,12,97.15,115.69,124.23,138.01
2025-07-13,16,성동구,3,생활용품,192,197.24,197.24,192.0,12,177.51,194.12,200.01,207.92
2025-07-13,10,도봉구,3,생활용품,144,150.52,150.52,157.0,12,134.97,152.41,162.42,166.91
2025-07-13,3,강북구,3,생활용품,136,134.02,134.02,141.0,12,119.06,129.91,142.79,158.31
2025-07-13,22,은평구,1,패션/잡화,225,236.62,236.62,243.0,12,211.38,242.11,246.54,258.97
2025-07-13,4,강서구,4,전자/가전,186,172.17,172.17,168.0,12,158.12,168.72,175.84,187.61
2025-07-13,7,구로구,3,생활용품,221,243.19,243.19,245.0,12,226.54,249.33,260.47,265.78
2025-07-13,12,동작구,1,패션/잡화,208,200.63,200.63,192.0,12,181.66,201.79,206.56,213.66
2025-07-13,16,성동구,1,패션/잡화,154,170.54,170.54,168.0,12,154.73,168.62,175.91,187.72
2025-07-13,15,서초구,4,전자/가전,117,137.61,137.61,151.0,12,123.1,134.9,146.85,157.96
2025-07-13,2,강동구,3,생활용품,284,318.31,318.31,333.0,12,293.07,316.58,331.1,337.06
2025-07-13,9,노원구,5,도서/문구,88,97.8,97.8,98.0,12,82.54,99.7,107.83,114.17
2025-07-13,18,송파구,2,식품/신선,422,445.0,445.0,465.0,12,413.59,454.81,478.04,476.26
2025-07-13,22,은평구,5,도서/문구,71,96.24,96.24,100.0,12,79.6,93.72,102.41,110.18
2025-07-13,9,노원구,4,전자/가전,120,121.44,121.44,117.0,12,102.83,119.09,125.98,144.76
2025-07-13,2,강동구,1,패션/잡화,254,266.72,266.72,267.0,12,245.4,269.88,284.54,285.74
2025-07-13,22,은평구,2,식품/신선,191,210.21,210.21,215.0,12,189.51,211.14,221.71,234.35
2025-07-13,4,강서구,5,도서/문구,132,151.43,151.43,151.0,12,132.65,148.39,156.77,165.58
2025-07-13,21,용산구,5,도서/문구,44,52.01,52.01,49.0,12,40.62,52.47,60.18,72.59
2025-07-13,7,구로구,2,식품/신선,189,193.38,193.38,182.0,12,175.23,190.21,192.19,201.68
2025-07-13,17,성북구,5,도서/문구,69,79.63,79.63,70.0,12,64.58,85.17,90.3,103.28
2025-07-13,8,금천구,1,패션/잡화,114,97.64,97.64,102.0,12,82.18,96.74,106.5,115.12
2025-07-13,11,동대문구,1,패션/잡화,163,188.75,188.75,185.0,12,162.75,181.69,189.57,200.56
2025-07-13,6,광진구,4,전자/가전,86,95.58,95.58,100.0,12,79.0,93.3,100.59,109.62
2025-07-13,8,금천구,2,식품/신선,93,87.49,87.49,77.0,12,72.2,90.67,93.99,108.54
2025-07-13,13,마포구,2,식품/신선,181,225.85,225.85,228.0,12,204.01,225.65,234.43,251.8
2025-07-13,13,마포구,1,패션/잡화,247,255.82,255.82,249.0,12,235.59,264.81,273.36,279.64
2025-07-13,25,중랑구,2,식품/신선,142,176.71,176.71,187.0,12,154.29,171.16,180.6,193.3
2025-07-13,15,서초구,1,패션/잡화,276,298.11,298.11,312.0,12,274.11,299.19,312.8,320.24
2025-07-13,16,성동구,5,도서/문구,68,63.81,63.81,57.0,12,51.75,66.29,71.71,80.3
2025-07-13,5,관악구,4,전자/가전,153,142.4,142.4,135.0,12,121.38,137.66,149.4,159.39
2025-07-13,3,강북구,5,도서/문구,44,50.64,50.64,43.0,12,38.57,51.08,58.43,69.77
2025-07-13,12,동작구,5,도서/문구,94,81.25,81.25,79.0,12,66.47,82.01,88.32,103.38
2025-07-13,16,성동구,4,전자/가전,85,78.12,78.12,75.0,12,63.64,81.26,88.73,103.38
2025-07-13,2,강동구,4,전자/가전,134,130.0,130.0,135.0,12,118.88,127.3,137.58,149.18
2025-07-13,10,도봉구,5,도서/문구,40,53.21,53.21,62.0,12,41.8,53.28,59.81,74.34
2025-07-13,8,금천구,3,생활용품,113,108.87,108.87,106.0,12,94.9,109.38,116.65,126.66
2025-07-13,6,광진구,3,생활용품,165,211.21,211.21,211.0,12,197.5,215.87,214.66,224.5
2025-07-13,24,중구,1,패션/잡화,46,59.33,59.33,62.0,12,44.55,56.43,60.72,77.18
2025-07-13,18,송파구,5,도서/문구,194,188.32,188.32,194.0,12,167.89,185.4,193.04,205.35
2025-07-13,20,영등포구,5,도서/문구,93,92.81,92.81,83.0,12,74.43,93.99,100.12,110.58
2025-07-13,25,중랑구,5,도서/문구,65,69.95,69.95,69.0,12,57.56,69.45,78.1,84.27
2025-07-13,20,영등포구,1,패션/잡화,229,244.6,244.6,248.0,12,226.51,248.02,256.14,269.04
2025-07-13,15,서초구,2,식품/신선,248,239.83,239.83,220.0,12,211.13,241.57,252.77,261.21
2025-07-14,11,동대문구,5,도서/문구,92,109.21,109.21,110.0,13,95.12,107.54,110.45,120.86
2025-07-14,12,동작구,5,도서/문구,142,120.03,120.03,108.0,13,100.86,116.26,125.43,136.16
2025-07-14,13,마포구,2,식품/신선,367,388.29,388.29,391.0,13,344.11,389.34,404.56,412.88
2025-07-14,25,중랑구,2,식품/신선,258,256.82,256.82,246.0,13,230.51,264.43,274.12,285.8
2025-07-14,12,동작구,2,식품/신선,303,323.05,323.05,332.0,13,292.06,324.33,341.9,349.78
2025-07-14,13,마포구,5,도서/문구,142,147.65,147.65,141.0,13,133.35,149.09,157.34,164.36
2025-07-14,13,마포구,4,전자/가전,175,194.03,194.03,191.0,13,161.06,191.75,206.36,211.62
2025-07-14,12,동작구,3,생활용품,317,389.86,389.86,388.0,13,339.39,381.46,405.8,404.02
2025-07-14,14,서대문구,2,식품/신선,252,235.8,235.8,238.0,13,205.79,242.55,254.66,264.12
2025-07-14,14,서대문구,1,패션/잡화,223,251.64,251.64,251.0,13,228.56,256.1,267.66,285.51
2025-07-14,13,마포구,3,생활용품,427,434.09,434.09,418.0,13,385.16,428.01,453.43,451.34
2025-07-14,1,강남구,3,생활용품,717,775.65,775.65,721.0,13,638.53,759.74,775.41,800.05
2025-07-14,12,동작구,4,전자/가전,131,143.67,143.67,136.0,13,126.12,143.54,151.34,156.36
2025-07-14,1,강남구,2,식품/신선,636,668.31,668.31,669.0,13,568.87,643.08,693.19,711.85
2025-07-14,25,중랑구,4,전자/가전,106,131.2,131.2,121.0,13,110.92,127.27,133.19,146.9
2025-07-14,12,동작구,1,패션/잡화,298,324.45,324.45,320.0,13,290.09,321.66,332.97,350.7
2025-07-14,25,중랑구,5,도서/문구,103,105.22,105.22,97.0,13,92.9,103.41,108.36,119.31
2025-07-14,1,강남구,1,패션/잡화,639,710.1,710.1,686.0,13,604.45,702.32,728.76,751.46
2025-07-14,13,마포구,1,패션/잡화,372,404.7,404.7,376.0,13,349.61,394.78,418.99,428.46
2025-07-14,25,중랑구,3,생활용품,313,307.92,307.92,295.0,13,282.42,311.46,314.73,328.48
2025-07-14,21,용산구,3,생활용품,246,233.23,233.23,235.0,13,203.35,235.56,245.13,263.48
2025-07-14,14,서대문구,3,생활용품,254,275.51,275.51,265.0,13,248.6,274.28,287.2,295.66
2025-07-14,20,영등포구,1,패션/잡화,372,401.19,401.19,388.0,13,350.0,391.01,416.41,433.44
2025-07-14,18,송파구,1,패션/잡화,750,773.65,773.65,726.0,13,631.85,754.8,779.42,803.66
2025-07-14,8,금천구,3,생활용품,151,177.13,177.13,164.0,13,150.98,170.44,183.71,191.88
2025-07-14,1,강남구,4,전자/가전,299,313.42,313.42,297.0,13,287.34,312.12,315.18,327.51
2025-07-14,17,성북구,5,도서/문구,119,130.61,130.61,123.0,13,113.34,128.48,134.5,145.63
2025-07-14,23,종로구,3,생활용품,114,120.34,120.34,117.0,13,100.95,118.01,119.17,131.14
2025-07-14,8,금천구,4,전자/가전,62,79.51,79.51,67.0,13,67.42,76.08,85.46,95.02
2025-07-14,3,강북구,2,식품/신선,161,192.66,192.66,188.0,13,160.21,188.02,202.73,211.62
2025-07-14,6,광진구,3,생활용품,318,327.5,327.5,324.0,13,291.09,323.54,335.12,351.66
2025-07-14,17,성북구,4,전자/가전,153,158.03,158.03,159.0,13,137.86,157.27,165.86,170.02
2025-07-14,8,금천구,5,도서/문구,50,64.39,64.39,54.0,13,48.79,56.0,62.06,71.42
2025-07-14,3,강북구,3,생활용품,215,211.85,211.85,213.0,13,190.58,212.98,220.48,231.65
2025-07-14,4,강서구,3,생활용품,637,652.79,652.79,598.0,13,567.05,647.34,683.32,690.7
2025-07-14,17,성북구,3,생활용품,362,389.06,389.06,375.0,13,347.63,385.23,404.38,411.09
2025-07-14,23,종로구,4,전자/가전,37,52.14,52.14,47.0,13,38.28,47.75,53.14,62.97
2025-07-14,6,광진구,2,식품/신선,271,290.14,290.14,295.0,13,252.87,294.92,306.27,312.05
2025-07-14,3,강북구,1,패션/잡화,199,185.91,185.91,176.0,13,169.2,182.95,193.59,200.79
2025-07-14,9,노원구,1,패션/잡화,419,389.22,389.22,358.0,13,342.68,380.7,400.01,397.01
2025-07-14,17,성북구,2,식품/신선,314,325.38,325.38,322.0,13,288.62,322.62,336.12,347.8
2025-07-14,9,노원구,2,식품/신선,417,377.85,377.85,367.0,13,337.09,383.18,392.48,396.97
2025-07-14,22,은평구,1,패션/잡화,351,360.8,360.8,348.0,13,325.16,364.32,371.51,378.97
2025-07-14,17,성북구,1,패션/잡화,331,344.61,344.61,332.0,13,304.64,340.24,348.68,369.87
2025-07-14,23,종로구,5,도서/문구,34,47.53,47.53,33.0,13,34.14,42.55,45.89,58.1
2025-07-14,2,강동구,5,도서/문구,154,161.7,161.7,163.0,13,143.72,157.87,171.34,181.95
2025-07-14,20,영등포구,2,식품/신선,369,388.29,388.29,388.0,13,338.74,384.27,403.52,412.25
2025-07-14,9,노원구,3,생활용품,397,467.89,467.89,469.0,13,411.74,466.12,484.03,491.75
2025-07-14,22,은평구,2,식품/신선,370,375.98,375.98,360.0,13,327.43,375.85,387.89,395.84
2025-07-14,8,금천구,2,식품/신선,150,146.4,146.4,146.0,13,126.46,152.84,155.42,165.09
2025-07-14,19,양천구,3,생활용품,394,415.65,415.65,408.0,13,361.89,412.98,437.38,434.87
2025-07-14,7,구로구,1,패션/잡화,288,318.07,318.07,296.0,13,290.87,316.16,329.2,339.18
2025-07-14,22,은평구,4,전자/가전,157,159.44,159.44,160.0,13,139.02,157.87,169.97,178.07
2025-07-14,19,양천구,4,전자/가전,171,169.72,169.72,161.0,13,146.38,164.97,179.23,187.45
2025-07-14,19,양천구,2,식품/신선,340,352.84,352.84,343.0,13,313.72,344.93,356.64,372.19
2025-07-14,4,강서구,1,패션/잡화,500,587.21,587.21,561.0,13,511.79,567.04,600.97,624.58
2025-07-14,7,구로구,2,식품/신선,313,314.97,314.97,296.0,13,284.45,317.12,319.63,326.59
2025-07-14,6,광진구,5,도서/문구,107,105.03,105.03,95.0,13,88.37,101.81,108.04,119.31
2025-07-14,19,양천구,1,패션/잡화,384,394.41,394.41,377.0,13,348.55,386.91,403.9,416.61
2025-07-14,7,구로구,3,생활용품,329,380.1,380.1,360.0,13,333.61,377.46,393.56,397.21
2025-07-14,22,은평구,5,도서/문구,132,137.57,137.57,132.0,13,121.18,136.21,142.35,151.35
2025-07-14,23,종로구,2,식품/신선,109,99.76,99.76,100.0,13,81.87,99.12,102.85,112.87
2025-07-14,4,강서구,2,식품/신선,539,541.6,541.6,562.0,13,469.83,543.63,571.65,587.63
2025-07-14,3,강북구,5,도서/문구,65,74.27,74.27,62.0,13,60.01,70.54,74.54,83.7
2025-07-14,7,구로구,4,전자/가전,161,142.59,142.59,136.0,13,123.56,143.24,148.79,155.86
2025-07-14,19,양천구,5,도서/문구,129,131.68,131.68,124.0,13,118.23,129.69,136.49,146.98
2025-07-14,18,송파구,4,전자/가전,341,328.42,328.42,306.0,13,305.57,333.91,341.89,344.48
2025-07-14,7,구로구,5,도서/문구,115,128.26,128.26,121.0,13,109.29,124.42,131.91,144.4
2025-07-14,23,종로구,1,패션/잡화,97,97.74,97.74,90.0,13,79.7,94.42,101.59,110.88
2025-07-14,3,강북구,4,전자/가전,63,89.93,89.93,78.0,13,75.37,88.63,94.33,103.17
2025-07-14,6,광진구,4,전자/가전,130,136.5,136.5,126.0,13,121.07,135.06,141.72,151.49
2025-07-14,18,송파구,3,생활용품,818,851.87,851.87,824.0,13,649.16,833.17,848.32,884.47
2025-07-14,8,금천구,1,패션/잡화,156,161.36,161.36,160.0,13,137.5,159.05,167.93,175.35
2025-07-14,18,송파구,2,식품/신선,703,764.84,764.84,722.0,13,629.97,749.11,775.41,792.47
2025-07-14,18,송파구,5,도서/문구,286,275.39,275.39,269.0,13,249.65,275.16,288.48,298.59
2025-07-14,6,광진구,1,패션/잡화,245,307.74,307.74,317.0,13,274.23,302.99,321.69,328.95
2025-07-14,20,영등포구,3,생활용품,410,437.12,437.12,428.0,13,374.41,431.04,443.08,450.82
2025-07-14,4,강서구,4,전자/가전,279,267.93,267.93,272.0,13,238.53,270.73,286.1,293.85
2025-07-14,16,성동구,5,도서/문구,82,100.45,100.45,102.0,13,82.74,100.49,104.3,115.59
2025-07-14,5,관악구,4,전자/가전,205,217.79,217.79,210.0,13,197.87,215.29,234.91,241.19
2025-07-14,15,서초구,3,생활용품,494,486.23,486.23,490.0,13,423.92,485.93,519.69,527.09
2025-07-14,24,중구,4,전자/가전,32,47.74,47.74,34.0,13,34.7,42.71,46.8,58.78
2025-07-14,10,도봉구,5,도서/문구,69,87.69,87.69,82.0,13,74.06,84.22,90.65,102.5
2025-07-14,4,강서구,5,도서/문구,196,231.01,231.01,229.0,13,203.4,223.61,242.41,254.0
2025-07-14,21,용산구,1,패션/잡화,182,202.99,202.99,192.0,13,179.59,206.08,215.35,218.63
2025-07-14,15,서초구,2,식품/신선,418,405.77,405.77,396.0,13,349.52,403.75,424.38,433.48
2025-07-14,2,강동구,1,패션/잡화,421,414.2,414.2,388.0,13,353.26,400.61,433.61,438.17
2025-07-14,11,동대문구,1,패션/잡화,286,285.78,285.78,300.0,13,258.87,290.48,306.49,307.06
2025-07-14,15,서초구,1,패션/잡화,426,436.23,436.23,417.0,13,384.96,426.89,453.55,455.41
2025-07-14,2,강동구,2,식품/신선,393,404.28,404.28,396.0,13,348.87,403.19,420.41,433.44
2025-07-14,24,중구,5,도서/문구,23,44.67,44.67,21.0,13,33.51,39.05,44.5,57.07
2025-07-14,11,동대문구,2,식품/신선,258,249.52,249.52,241.0,13,222.7,261.42,273.43,284.88
2025-07-14,5,관악구,3,생활용품,525,513.52,513.52,506.0,13,429.52,507.8,524.17,544.36
2025-07-14,14,서대문구,5,도서/문구,82,95.31,95.31,84.0,13,78.45,93.11,98.87,109.55
2025-07-14,1,강남구,5,도서/문구,213,244.34,244.34,234.0,13,217.23,250.91,256.51,259.92
2025-07-14,11,동대문구,3,생활용품,324,324.49,324.49,311.0,13,292.72,323.02,333.5,350.03
2025-07-14,21,용산구,2,식품/신선,221,195.44,195.44,194.0,13,160.62,197.26,203.38,217.25
2025-07-14,14,서대문구,4,전자/가전,113,107.65,107.65,92.0,13,92.46,105.6,112.27,118.4
2025-07-14,25,중랑구,1,패션/잡화,282,262.62,262.62,259.0,13,241.99,271.3,275.95,294.26
2025-07-14,5,관악구,2,식품/신선,416,443.6,443.6,446.0,13,382.42,439.93,470.12,463.47
2025-07-14,11,동대문구,4,전자/가전,127,113.51,113.51,102.0,13,100.43,112.52,119.26,129.26
2025-07-14,5,관악구,1,패션/잡화,460,439.89,439.89,410.0,13,380.33,431.61,453.55,457.45
2025-07-14,21,용산구,4,전자/가전,88,95.31,95.31,85.0,13,79.64,94.71,101.23,111.43
2025-07-14,15,서초구,4,전자/가전,177,189.52,189.52,178.0,13,172.75,185.35,197.99,203.21
2025-07-14,10,도봉구,4,전자/가전,91,96.57,96.57,88.0,13,79.08,93.93,99.85,111.09
2025-07-14,22,은평구,3,생활용품,384,408.22,408.22,384.0,13,349.83,401.38,423.69,437.52
2025-07-14,9,노원구,5,도서/문구,159,158.5,158.5,162.0,13,137.86,157.87,169.61,173.88
2025-07-14,16,성동구,2,식품/신선,235,242.82,242.82,238.0,13,216.16,242.55,263.35,273.76
2025-07-14,24,중구,3,생활용품,110,107.82,107.82,95.0,13,93.22,106.03,110.53,120.02
2025-07-14,20,영등포구,4,전자/가전,143,193.5,193.5,193.0,13,156.98,187.17,200.48,207.16
2025-07-14,10,도봉구,1,패션/잡화,169,195.89,195.89,189.0,13,167.72,196.51,210.93,214.42
2025-07-14,24,중구,2,식품/신선,75,88.17,88.17,80.0,13,73.09,84.97,90.32,101.3
2025-07-14,24,중구,1,패션/잡화,78,90.52,90.52,83.0,13,75.98,87.19,92.06,103.43
2025-07-14,16,성동구,3,생활용품,279,312.15,312.15,311.0,13,275.17,314.78,321.37,328.95
2025-07-14,21,용산구,5,도서/문구,66,80.65,80.65,73.0,13,68.9,77.04,81.91,91.41
2025-07-14,2,강동구,4,전자/가전,172,199.66,199.66,195.0,13,178.95,204.65,212.26,219.5
2025-07-14,2,강동구,3,생활용품,446,450.06,450.06,436.0,13,392.13,442.23,469.9,470.41
2025-07-14,10,도봉구,2,식품/신선,186,204.9,204.9,219.0,13,170.14,208.42,217.81,228.84
2025-07-14,5,관악구,5,도서/문구,168,189.35,189.35,188.0,13,154.97,185.66,203.72,207.26
2025-07-14,16,성동구,4,전자/가전,111,126.35,126.35,124.0,13,106.8,122.57,132.31,142.7
2025-07-14,15,서초구,5,도서/문구,138,151.63,151.63,154.0,13,137.6,157.37,161.41,165.91
2025-07-14,10,도봉구,3,생활용품,240,239.54,239.54,228.0,13,210.92,238.21,255.23,259.6
2025-07-14,20,영등포구,5,도서/문구,138,148.58,148.58,147.0,13,134.83,153.23,156.1,165.09
2025-07-14,9,노원구,4,전자/가전,187,198.38,198.38,197.0,13,167.66,199.22,210.27,219.5
2025-07-14,16,성동구,1,패션/잡화,254,272.28,272.28,281.0,13,239.14,270.42,289.75,297.85
2025-07-15,20,영등포구,3,생활용품,419,412.03,412.03,403.0,14,363.7,407.73,439.27,441.89
2025-07-15,21,용산구,2,식품/신선,223,196.8,196.8,195.0,14,168.69,195.72,204.84,216.49
2025-07-15,20,영등포구,4,전자/가전,170,162.03,162.03,151.0,14,142.37,160.75,167.63,182.18
2025-07-15,19,양천구,4,전자/가전,127,168.36,168.36,169.0,14,154.18,166.48,178.35,186.51
2025-07-15,25,중랑구,4,전자/가전,105,132.23,132.23,135.0,14,118.93,129.5,139.69,146.46
2025-07-15,20,영등포구,5,도서/문구,135,139.44,139.44,139.0,14,120.76,140.39,147.59,154.4
2025-07-15,13,마포구,2,식품/신선,364,361.94,361.94,355.0,14,325.92,359.02,372.24,384.48
2025-07-15,21,용산구,5,도서/문구,86,88.58,88.58,98.0,14,76.08,90.48,95.77,106.63
2025-07-15,21,용산구,4,전자/가전,96,107.27,107.27,117.0,14,86.49,105.25,107.85,121.44
2025-07-15,21,용산구,1,패션/잡화,185,205.19,205.19,216.0,14,180.49,205.97,218.05,227.47
2025-07-15,19,양천구,5,도서/문구,94,128.06,128.06,121.0,14,108.34,124.88,133.26,145.26
2025-07-15,25,중랑구,5,도서/문구,91,100.06,100.06,100.0,14,83.52,101.04,107.5,115.93
2025-07-15,22,은평구,2,식품/신선,301,358.27,358.27,363.0,14,315.02,353.53,367.82,385.04
2025-07-15,20,영등포구,1,패션/잡화,315,372.3,372.3,370.0,14,338.82,372.26,393.58,405.96
2025-07-15,13,마포구,1,패션/잡화,323,387.36,387.36,376.0,14,343.92,381.36,407.79,415.11
2025-07-15,22,은평구,1,패션/잡화,306,347.4,347.4,334.0,14,314.19,345.23,357.01,376.14
2025-07-15,20,영등포구,2,식품/신선,335,358.96,358.96,348.0,14,325.06,358.66,371.2,384.48
2025-07-15,17,성북구,5,도서/문구,106,118.17,118.17,114.0,14,103.6,116.35,124.53,131.35
2025-07-15,19,양천구,3,생활용품,363,378.55,378.55,348.0,14,337.67,374.12,400.02,400.25
2025-07-15,16,성동구,3,생활용품,288,290.32,290.32,285.0,14,259.3,293.65,302.71,311.66
2025-07-15,16,성동구,2,식품/신선,254,232.87,232.87,225.0,14,204.96,232.72,240.9,258.14
2025-07-15,24,중구,2,식품/신선,70,81.51,81.51,74.0,14,69.15,83.52,88.71,100.1
2025-07-15,16,성동구,1,패션/잡화,244,270.23,270.23,275.0,14,238.71,266.79,288.22,299.05
2025-07-15,15,서초구,5,도서/문구,166,141.97,141.97,136.0,14,123.13,141.78,148.89,153.56
2025-07-15,14,서대문구,1,패션/잡화,195,264.73,264.73,286.0,14,234.39,265.89,281.16,294.31
2025-07-15,24,중구,3,생활용품,84,112.14,112.14,119.0,14,95.93,111.34,113.27,124.28
2025-07-15,15,서초구,4,전자/가전,182,189.15,189.15,182.0,14,165.46,187.45,196.03,202.55
2025-07-15,15,서초구,3,생활용품,453,467.33,467.33,462.0,14,425.17,461.61,485.48,493.3
2025-07-15,24,중구,4,전자/가전,40,43.87,43.87,34.0,14,32.8,40.6,45.39,57.39
2025-07-15,15,서초구,2,식품/신선,404,419.08,419.08,429.0,14,365.55,411.93,437.2,446.16
2025-07-15,25,중랑구,2,식품/신선,242,261.74,261.74,257.0,14,230.99,259.99,272.14,290.35
2025-07-15,15,서초구,1,패션/잡화,361,417.45,417.45,416.0,14,384.71,412.2,441.84,441.89
2025-07-15,24,중구,5,도서/문구,38,42.66,42.66,26.0,14,31.78,40.0,43.51,56.71
2025-07-15,14,서대문구,5,도서/문구,67,99.97,99.97,103.0,14,81.65,99.2,102.33,114.22
2025-07-15,14,서대문구,4,전자/가전,115,105.84,105.84,104.0,14,88.46,105.43,111.6,120.92
2025-07-15,14,서대문구,2,식품/신선,212,248.96,248.96,259.0,14,217.76,247.14,261.4,278.58
2025-07-15,25,중랑구,1,패션/잡화,248,268.66,268.66,268.0,14,240.12,265.32,281.75,294.63
2025-07-15,14,서대문구,3,생활용품,262,273.34,273.34,269.0,14,240.9,271.87,288.38,295.34
2025-07-15,24,중구,1,패션/잡화,77,86.81,86.81,81.0,14,73.09,85.88,89.98,103.46
2025-07-15,16,성동구,4,전자/가전,123,121.61,121.61,124.0,14,105.13,117.97,126.27,136.39
2025-07-15,16,성동구,5,도서/문구,86,97.14,97.14,95.0,14,79.45,97.2,101.99,113.43
2025-07-15,23,종로구,5,도서/문구,32,42.66,42.66,34.0,14,32.5,40.44,44.17,56.71
2025-07-15,19,양천구,2,식품/신선,325,329.68,329.68,316.0,14,300.79,328.46,341.21,362.34
2025-07-15,22,은평구,4,전자/가전,153,148.31,148.31,148.0,14,134.11,151.83,156.56,167.18
2025-07-15,19,양천구,1,패션/잡화,304,374.03,374.03,377.0,14,338.61,370.82,385.17,405.89
2025-07-15,22,은평구,5,도서/문구,111,136.26,136.26,145.0,14,123.27,133.77,144.04,154.62
2025-07-15,18,송파구,5,도서/문구,267,295.27,295.27,304.0,14,264.99,296.43,308.08,317.94
2025-07-15,18,송파구,4,전자/가전,348,328.01,328.01,319.0,14,300.31,331.43,339.15,355.77
2025-07-15,23,종로구,1,패션/잡화,100,97.14,97.14,98.0,14,79.05,98.03,103.56,116.32
2025-07-15,18,송파구,3,생활용품,814,785.38,785.38,782.0,14,662.8,776.75,806.83,838.33
2025-07-15,18,송파구,2,식품/신선,702,704.8,704.8,721.0,14,628.86,691.78,722.2,753.2
2025-07-15,22,은평구,3,생활용품,371,392.11,392.11,388.0,14,345.77,383.25,410.7,424.17
2025-07-15,23,종로구,2,식품/신선,103,91.61,91.61,85.0,14,74.89,92.43,97.93,107.44
2025-07-15,23,종로구,3,생활용품,103,100.67,100.67,98.0,14,85.97,103.34,108.23,115.83
2025-07-15,17,성북구,4,전자/가전,134,144.73,144.73,150.0,14,127.17,146.19,151.97,157.81
2025-07-15,13,마포구,4,전자/가전,184,179.52,179.52,176.0,14,157.37,175.24,185.13,193.03
2025-07-15,17,성북구,3,생활용품,315,359.19,359.19,353.0,14,329.83,358.79,375.13,385.4
2025-07-15,25,중랑구,3,생활용품,248,316.12,316.12,323.0,14,281.57,310.86,323.85,343.59
2025-07-15,23,종로구,4,전자/가전,45,48.03,48.03,44.0,14,38.22,45.4,51.14,59.83
2025-07-15,21,용산구,3,생활용품,219,214.58,214.58,218.0,14,189.64,215.4,224.32,239.99
2025-07-15,17,성북구,1,패션/잡화,319,322.41,322.41,298.0,14,291.52,317.08,332.69,341.93
2025-07-15,13,마포구,5,도서/문구,147,150.04,150.04,143.0,14,130.61,150.96,156.89,170.45
2025-07-15,18,송파구,1,패션/잡화,683,759.43,759.43,759.0,14,652.17,748.69,775.49,803.29
2025-07-15,17,성북구,2,식품/신선,303,304.53,304.53,303.0,14,273.6,302.39,315.23,320.47
2025-07-15,13,마포구,3,생활용품,404,411.35,411.35,405.0,14,377.28,412.87,439.76,441.89
2025-07-15,12,동작구,3,생활용품,308,383.3,383.3,381.0,14,342.81,374.84,396.47,411.65
2025-07-15,12,동작구,2,식품/신선,304,307.98,307.98,301.0,14,278.8,307.48,316.7,329.23
2025-07-15,11,동대문구,1,패션/잡화,220,266.09,266.09,262.0,14,240.13,267.71,281.5,295.83
2025-07-15,7,구로구,3,생활용품,317,360.6,360.6,367.0,14,324.68,358.68,372.73,385.29
2025-07-15,10,도봉구,4,전자/가전,84,93.88,93.88,94.0,14,77.37,95.05,101.19,112.93
2025-07-15,3,강북구,1,패션/잡화,162,187.76,187.76,184.0,14,161.85,185.39,197.38,204.69
2025-07-15,1,강남구,2,식품/신선,666,622.9,622.9,615.0,14,560.9,609.52,652.2,664.62
2025-07-15,6,광진구,4,전자/가전,118,131.39,131.39,127.0,14,115.66,129.3,134.95,145.68
2025-07-15,1,강남구,4,전자/가전,304,312.96,312.96,312.0,14,285.17,311.84,321.06,339.78
2025-07-15,11,동대문구,3,생활용품,276,288.19,288.19,267.0,14,257.41,293.99,305.77,312.75
2025-07-15,9,노원구,2,식품/신선,344,358.8,358.8,351.0,14,328.33,364.0,382.44,386.22
2025-07-15,5,관악구,1,패션/잡화,405,456.8,456.8,477.0,14,411.9,453.7,475.67,486.68
2025-07-15,10,도봉구,2,식품/신선,193,184.6,184.6,178.0,14,159.85,186.15,192.61,205.67
2025-07-15,11,동대문구,5,도서/문구,103,96.23,96.23,93.0,14,81.53,99.16,105.87,117.11
2025-07-15,5,관악구,4,전자/가전,192,208.04,208.04,193.0,14,179.92,205.9,214.06,221.19
2025-07-15,5,관악구,3,생활용품,519,489.32,489.32,486.0,14,431.71,486.46,499.37,518.11
2025-07-15,4,강서구,3,생활용품,563,639.79,639.79,629.0,14,568.11,620.52,665.81,693.09
2025-07-15,3,강북구,5,도서/문구,71,70.04,70.04,62.0,14,59.49,71.77,76.16,86.12
2025-07-15,11,동대문구,2,식품/신선,222,257.75,257.75,257.0,14,227.56,253.15,266.7,286.32
2025-07-15,10,도봉구,1,패션/잡화,184,194.99,194.99,193.0,14,168.91,192.37,202.93,211.41
2025-07-15,3,강북구,4,전자/가전,98,93.28,93.28,94.0,14,75.93,94.22,100.6,110.77
2025-07-15,6,광진구,5,도서/문구,96,95.03,95.03,81.0,14,78.58,94.79,103.83,112.32
2025-07-15,12,동작구,4,전자/가전,129,137.78,137.78,139.0,14,122.91,139.41,148.27,154.67
2025-07-15,8,금천구,3,생활용품,140,173.59,173.59,174.0,14,154.36,168.32,177.5,187.85
2025-07-15,3,강북구,2,식품/신선,174,192.9,192.9,192.0,14,159.58,185.73,200.78,208.66
2025-07-15,1,강남구,3,생활용품,727,762.47,762.47,743.0,14,652.17,749.26,785.13,808.72
2025-07-15,9,노원구,5,도서/문구,148,143.37,143.37,144.0,14,123.13,144.53,150.52,157.81
2025-07-15,5,관악구,2,식품/신선,432,425.63,425.63,421.0,14,389.04,419.64,444.55,450.7
2025-07-15,1,강남구,1,패션/잡화,645,702.64,702.64,710.0,14,625.81,684.76,721.72,749.56
2025-07-15,8,금천구,1,패션/잡화,138,141.71,141.71,145.0,14,126.61,142.16,148.7,163.18
2025-07-15,4,강서구,4,전자/가전,240,263.55,263.55,264.0,14,236.49,266.59,281.26,290.35
2025-07-15,2,강동구,2,식품/신선,374,406.76,406.76,435.0,14,355.82,403.23,422.84,445.46
2025-07-15,6,광진구,3,생활용품,267,314.49,314.49,305.0,14,282.52,308.84,319.13,329.38
2025-07-15,4,강서구,5,도서/문구,191,213.91,213.91,214.0,14,187.77,213.34,222.01,229.92
2025-07-15,8,금천구,5,도서/문구,52,57.06,57.06,57.0,14,43.94,54.77,63.17,69.89
2025-07-15,6,광진구,2,식품/신선,227,262.35,262.35,252.0,14,234.54,262.86,277.27,288.04
2025-07-15,1,강남구,5,도서/문구,225,244.35,244.35,246.0,14,219.5,248.98,258.0,273.02
2025-07-15,7,구로구,2,식품/신선,301,321.5,321.5,330.0,14,287.41,318.57,333.22,346.06
2025-07-15,7,구로구,4,전자/가전,129,131.66,131.66,128.0,14,116.91,137.58,140.53,149.71
2025-07-15,11,동대문구,4,전자/가전,115,114.84,114.84,118.0,14,98.82,114.36,118.55,126.66
2025-07-15,2,강동구,4,전자/가전,171,177.23,177.23,163.0,14,154.25,179.0,185.24,192.91
2025-07-15,6,광진구,1,패션/잡화,267,301.65,301.65,305.0,14,266.24,295.26,310.11,315.3
2025-07-15,2,강동구,1,패션/잡화,398,398.33,398.33,382.0,14,350.13,388.25,422.28,429.69
2025-07-15,9,노원구,3,생활용품,398,440.35,440.35,431.0,14,394.14,432.48,466.18,468.9
2025-07-15,4,강서구,1,패션/잡화,495,583.45,583.45,567.0,14,519.42,563.42,594.78,633.16
2025-07-15,3,강북구,3,생활용품,210,200.41,200.41,192.0,14,169.35,200.16,210.14,216.1
2025-07-15,9,노원구,1,패션/잡화,385,403.25,403.25,415.0,14,357.01,395.84,425.79,437.39
2025-07-15,7,구로구,1,패션/잡화,321,323.29,323.29,327.0,14,291.25,317.8,336.21,352.56
2025-07-15,12,동작구,1,패션/잡화,284,315.63,315.63,322.0,14,282.24,316.34,324.48,348.1
2025-07-15,8,금천구,4,전자/가전,69,72.57,72.57,68.0,14,61.96,72.42,76.16,86.23
2025-07-15,12,동작구,5,도서/문구,104,117.56,117.56,115.0,14,102.63,117.8,123.77,130.59
2025-07-15,4,강서구,2,식품/신선,499,548.8,548.8,553.0,14,480.71,554.83,570.5,597.14
2025-07-15,10,도봉구,5,도서/문구,70,73.16,73.16,64.0,14,63.08,72.22,76.36,86.49
2025-07-15,9,노원구,4,전자/가전,164,192.97,192.97,197.0,14,165.22,190.33,202.27,214.19
2025-07-15,8,금천구,2,식품/신선,151,139.52,139.52,147.0,14,123.91,143.41,148.86,157.23
2025-07-15,7,구로구,5,도서/문구,125,123.96,123.96,125.0,14,107.66,121.42,132.38,140.9
2025-07-15,5,관악구,5,도서/문구,161,183.86,183.86,191.0,14,160.04,180.0,193.81,201.59
2025-07-15,2,강동구,5,도서/문구,137,161.18,161.18,160.0,14,137.52,158.14,168.93,178.73
2025-07-15,2,강동구,3,생활용품,423,447.74,447.74,454.0,14,411.33,445.03,476.49,484.4
2025-07-15,10,도봉구,3,생활용품,163,229.98,229.98,235.0,14,203.2,229.7,244.54,263.16
2025-07-16,2,강동구,2,식품/신선,309,349.0,361.58,349.0,15,331.86,360.94,368.89,382.78
2025-07-16,7,구로구,2,식품/신선,297,276.0,280.2,276.0,15,251.75,285.75,294.02,302.27
2025-07-16,11,동대문구,4,전자/가전,90,103.0,98.4,103.0,15,83.96,102.08,108.33,117.13
2025-07-16,4,강서구,4,전자/가전,214,237.0,238.52,237.0,15,209.11,245.68,242.79,256.55
2025-07-16,22,은평구,1,패션/잡화,312,294.0,314.53,294.0,15,282.72,312.93,328.0,322.83
2025-07-16,1,강남구,3,생활용품,649,642.0,681.39,642.0,15,605.62,681.03,701.46,732.89
2025-07-16,14,서대문구,3,생활용품,258,238.0,249.38,238.0,15,214.78,249.89,264.8,274.07
2025-07-16,12,동작구,1,패션/잡화,231,266.0,276.17,266.0,15,246.34,274.87,287.7,297.76
2025-07-16,14,서대문구,1,패션/잡화,188,199.0,218.41,199.0,15,194.0,219.33,229.32,244.75
2025-07-16,7,구로구,4,전자/가전,120,121.0,126.13,121.0,15,112.79,127.38,132.74,144.33
2025-07-16,18,송파구,5,도서/문구,244,253.0,266.58,253.0,15,242.41,268.96,280.35,285.37
2025-07-16,22,은평구,4,전자/가전,167,151.0,132.59,151.0,15,116.28,135.65,146.05,155.18
2025-07-16,4,강서구,1,패션/잡화,481,487.0,498.35,487.0,15,443.21,491.57,530.62,537.45
2025-07-16,16,성동구,4,전자/가전,123,113.0,105.37,113.0,15,93.65,107.45,111.58,120.96
2025-07-16,9,노원구,4,전자/가전,165,155.0,149.77,155.0,15,138.8,156.65,162.38,175.22
2025-07-16,9,노원구,5,도서/문구,123,126.0,127.72,126.0,15,110.92,127.49,136.6,144.92
2025-07-16,22,은평구,3,생활용품,351,351.0,357.72,351.0,15,323.76,352.56,372.41,379.19
2025-07-16,14,서대문구,2,식품/신선,200,215.0,218.11,215.0,15,194.57,217.45,225.46,241.58
2025-07-16,7,구로구,3,생활용품,306,312.0,328.94,312.0,15,300.78,324.71,342.01,356.21
2025-07-16,22,은평구,2,식품/신선,267,331.0,328.79,331.0,15,302.39,328.77,341.47,355.97
2025-07-16,19,양천구,2,식품/신선,292,298.0,312.02,298.0,15,282.32,311.83,320.12,326.22
2025-07-16,19,양천구,1,패션/잡화,264,334.0,330.61,334.0,15,307.68,335.16,350.27,355.87
2025-07-16,11,동대문구,5,도서/문구,83,85.0,89.19,85.0,15,77.46,89.72,93.77,104.68
2025-07-16,4,강서구,3,생활용품,549,560.0,577.18,560.0,15,514.24,560.44,605.07,622.64
2025-07-16,16,성동구,3,생활용품,272,237.0,265.67,237.0,15,237.49,262.34,270.11,285.37
2025-07-16,4,강서구,2,식품/신선,445,469.0,475.68,469.0,15,428.95,469.85,489.01,500.98
2025-07-16,25,중랑구,1,패션/잡화,241,254.0,248.06,254.0,15,224.17,248.44,262.66,273.66
2025-07-16,5,관악구,1,패션/잡화,387,373.0,406.69,373.0,15,362.09,401.36,424.31,437.87
2025-07-16,4,강서구,5,도서/문구,202,184.0,203.47,184.0,15,176.14,203.02,209.42,221.67
2025-07-16,11,동대문구,1,패션/잡화,209,237.0,237.12,237.0,15,208.78,245.05,245.53,262.84
2025-07-16,21,용산구,1,패션/잡화,185,170.0,177.92,170.0,15,157.13,178.92,186.49,195.76
2025-07-16,5,관악구,4,전자/가전,168,190.0,200.18,190.0,15,173.64,196.67,209.42,214.16
2025-07-16,15,서초구,2,식품/신선,370,349.0,388.22,349.0,15,344.53,377.73,403.45,402.91
2025-07-16,6,광진구,3,생활용품,229,265.0,276.47,265.0,15,248.16,274.95,287.86,297.76
2025-07-16,8,금천구,5,도서/문구,46,46.0,51.61,46.0,15,39.44,51.72,61.39,66.33
2025-07-16,15,서초구,5,도서/문구,140,116.0,128.96,116.0,15,113.42,130.01,136.83,144.92
2025-07-16,20,영등포구,1,패션/잡화,300,298.0,328.73,298.0,15,294.14,324.17,342.34,356.66
2025-07-16,20,영등포구,5,도서/문구,118,124.0,127.37,124.0,15,113.0,127.93,132.88,144.46
2025-07-16,10,도봉구,3,생활용품,169,206.0,209.66,206.0,15,188.95,212.96,218.79,229.5
2025-07-16,5,관악구,5,도서/문구,142,133.0,143.17,133.0,15,127.17,148.85,157.6,170.03
2025-07-16,10,도봉구,5,도서/문구,69,66.0,68.92,66.0,15,59.54,70.3,76.14,85.57
2025-07-16,2,강동구,1,패션/잡화,344,380.0,372.46,380.0,15,339.68,372.87,391.04,389.52
2025-07-16,20,영등포구,2,식품/신선,336,315.0,324.68,315.0,15,292.07,324.59,337.25,351.77
2025-07-16,15,서초구,3,생활용품,398,410.0,419.73,410.0,15,391.76,415.37,439.3,442.82
2025-07-16,20,영등포구,4,전자/가전,150,151.0,148.67,151.0,15,136.59,150.91,156.67,166.91
2025-07-16,6,광진구,1,패션/잡화,252,257.0,272.06,257.0,15,243.32,266.93,284.51,289.71
2025-07-16,15,서초구,4,전자/가전,166,172.0,164.83,172.0,15,148.97,166.63,176.75,187.46
2025-07-16,20,영등포구,3,생활용품,386,350.0,367.46,350.0,15,333.21,372.25,382.06,389.6
2025-07-16,6,광진구,2,식품/신선,250,220.0,235.44,220.0,15,208.12,235.14,242.02,256.55
2025-07-16,10,도봉구,4,전자/가전,85,76.0,79.07,76.0,15,66.79,79.97,85.92,99.2
2025-07-16,19,양천구,5,도서/문구,89,112.0,109.05,112.0,15,96.9,110.19,120.0,128.42
2025-07-16,21,용산구,5,도서/문구,57,72.0,68.73,72.0,15,61.11,70.22,74.26,86.09
2025-07-16,1,강남구,2,식품/신선,531,607.0,595.69,607.0,15,531.16,596.87,630.16,643.84
2025-07-16,5,관악구,3,생활용품,473,423.0,441.21,423.0,15,399.35,434.67,468.93,471.77
2025-07-16,25,중랑구,3,생활용품,236,261.0,280.2,261.0,15,257.74,285.89,288.97,300.96
2025-07-16,14,서대문구,4,전자/가전,98,94.0,92.83,94.0,15,79.69,97.11,103.06,110.78
2025-07-16,1,강남구,5,도서/문구,189,208.0,221.73,208.0,15,199.75,226.44,234.1,246.09
2025-07-16,24,중구,4,전자/가전,38,32.0,39.44,32.0,15,29.98,39.71,43.79,56.77
2025-07-16,21,용산구,4,전자/가전,83,67.0,79.94,67.0,15,68.44,81.82,88.21,101.07
2025-07-16,16,성동구,2,식품/신선,223,223.0,215.35,223.0,15,196.76,214.5,229.74,243.33
2025-07-16,7,구로구,1,패션/잡화,282,283.0,298.38,283.0,15,272.41,297.48,311.44,315.05
2025-07-16,11,동대문구,3,생활용품,254,290.0,277.42,290.0,15,249.67,283.58,288.65,298.54
2025-07-16,10,도봉구,1,패션/잡화,147,162.0,162.78,162.0,15,146.24,165.97,175.29,187.01
2025-07-16,14,서대문구,5,도서/문구,81,76.0,86.19,76.0,15,72.66,87.82,93.25,103.79
2025-07-16,19,양천구,3,생활용품,366,309.0,332.52,309.0,15,294.93,327.71,350.95,355.91
2025-07-16,21,용산구,3,생활용품,164,195.0,202.56,195.0,15,178.15,204.38,208.44,221.67
2025-07-16,5,관악구,2,식품/신선,412,413.0,399.67,413.0,15,360.07,405.72,421.3,431.22
2025-07-16,6,광진구,5,도서/문구,83,95.0,90.34,95.0,15,75.75,92.95,99.07,107.72
2025-07-16,19,양천구,4,전자/가전,150,142.0,142.3,142.0,15,124.79,140.19,153.11,161.85
2025-07-16,11,동대문구,2,식품/신선,231,241.0,243.55,241.0,15,214.26,245.61,258.33,266.99
2025-07-16,25,중랑구,4,전자/가전,116,106.0,111.5,106.0,15,99.3,111.88,121.88,131.7
2025-07-16,16,성동구,1,패션/잡화,205,218.0,233.74,218.0,15,203.15,235.82,245.31,254.48
2025-07-16,21,용산구,2,식품/신선,156,180.0,176.15,180.0,15,159.17,176.87,181.76,192.46
2025-07-16,15,서초구,1,패션/잡화,330,374.0,390.98,374.0,15,354.44,384.01,405.65,414.63
2025-07-16,10,도봉구,2,식품/신선,148,165.0,159.97,165.0,15,145.78,164.7,175.51,188.71
2025-07-16,6,광진구,4,전자/가전,104,121.0,115.72,121.0,15,99.17,112.62,123.41,130.4
2025-07-16,18,송파구,4,전자/가전,297,316.0,315.56,316.0,15,285.0,322.05,323.52,337.74
2025-07-16,24,중구,5,도서/문구,25,20.0,38.22,20.0,15,28.04,37.43,41.07,56.46
2025-07-16,3,강북구,5,도서/문구,59,49.0,61.56,49.0,15,50.01,62.31,69.19,76.76
2025-07-16,18,송파구,1,패션/잡화,682,658.0,669.29,658.0,15,602.92,661.98,686.55,718.85
2025-07-16,3,강북구,2,식품/신선,188,166.0,162.31,166.0,15,151.07,164.94,174.87,187.18
2025-07-16,23,종로구,3,생활용품,91,103.0,93.6,103.0,15,79.78,96.16,102.86,111.66
2025-07-16,8,금천구,2,식품/신선,113,132.0,130.62,132.0,15,116.95,129.3,137.51,145.17
2025-07-16,3,강북구,3,생활용품,189,171.0,177.42,171.0,15,156.65,176.17,181.78,192.12
2025-07-16,18,송파구,2,식품/신선,621,621.0,639.55,621.0,15,591.75,640.68,664.11,687.84
2025-07-16,12,동작구,3,생활용품,329,306.0,330.77,306.0,15,295.51,325.89,342.69,355.87
2025-07-16,13,마포구,3,생활용품,366,374.0,385.12,374.0,15,353.23,385.17,403.39,414.63
2025-07-16,25,중랑구,5,도서/문구,78,99.0,95.38,99.0,15,80.49,98.07,102.27,111.66
2025-07-16,17,성북구,1,패션/잡화,274,257.0,275.78,257.0,15,250.68,274.24,290.7,301.24
2025-07-16,9,노원구,2,식품/신선,321,354.0,345.03,354.0,15,314.97,343.03,354.71,370.01
2025-07-16,23,종로구,2,식품/신선,78,92.0,84.17,92.0,15,70.11,85.6,90.51,102.46
2025-07-16,1,강남구,1,패션/잡화,502,546.0,595.95,546.0,15,530.53,577.36,613.42,648.23
2025-07-16,24,중구,3,생활용품,84,94.0,92.99,94.0,15,79.23,96.83,102.7,111.25
2025-07-16,8,금천구,1,패션/잡화,134,105.0,122.11,105.0,15,105.96,123.14,129.96,140.15
2025-07-16,23,종로구,1,패션/잡화,95,76.0,82.26,76.0,15,69.89,85.69,91.33,101.68
2025-07-16,13,마포구,4,전자/가전,171,149.0,150.13,149.0,15,140.76,157.3,166.27,170.44
2025-07-16,12,동작구,4,전자/가전,128,131.0,129.65,131.0,15,116.16,128.31,137.31,146.0
2025-07-16,8,금천구,3,생활용품,138,158.0,146.59,158.0,15,128.35,152.77,157.53,168.74
2025-07-16,17,성북구,2,식품/신선,262,270.0,275.15,270.0,15,246.34,273.54,288.49,295.65
2025-07-16,24,중구,2,식품/신선,64,71.0,68.63,71.0,15,58.84,69.12,74.26,85.38
2025-07-16,13,마포구,1,패션/잡화,355,318.0,345.97,318.0,15,316.56,342.6,358.53,364.89
2025-07-16,17,성북구,4,전자/가전,133,120.0,127.72,120.0,15,115.16,130.23,137.69,145.05
2025-07-16,2,강동구,4,전자/가전,147,150.0,148.69,150.0,15,131.91,157.87,167.0,171.94
2025-07-16,17,성북구,3,생활용품,282,322.0,328.65,322.0,15,303.34,329.13,342.31,355.87
2025-07-16,24,중구,1,패션/잡화,78,59.0,72.38,59.0,15,62.33,72.08,76.89,87.93
2025-07-16,2,강동구,5,도서/문구,122,129.0,138.35,129.0,15,120.13,138.56,149.32,155.14
2025-07-16,25,중랑구,2,식품/신선,230,237.0,239.87,237.0,15,208.25,245.81,249.96,262.6
2025-07-16,12,동작구,5,도서/문구,111,105.0,98.56,105.0,15,85.77,103.43,108.95,117.13
2025-07-16,8,금천구,4,전자/가전,59,51.0,63.28,51.0,15,55.22,62.99,69.19,79.42
2025-07-16,9,노원구,1,패션/잡화,355,329.0,351.32,329.0,15,318.82,348.59,362.05,373.92
2025-07-16,13,마포구,2,식품/신선,314,328.0,336.83,328.0,15,308.49,338.46,348.66,355.97
2025-07-16,17,성북구,5,도서/문구,104,118.0,110.56,118.0,15,95.68,111.54,119.23,125.6
2025-07-16,23,종로구,5,도서/문구,32,28.0,39.23,28.0,15,29.91,39.71,42.96,56.46
2025-07-16,3,강북구,1,패션/잡화,159,160.0,149.7,160.0,15,140.53,158.88,169.39,175.33
2025-07-16,1,강남구,4,전자/가전,249,275.0,280.95,275.0,15,256.21,285.87,289.41,300.96
2025-07-16,23,종로구,4,전자/가전,31,44.0,43.45,44.0,15,34.26,43.73,49.27,57.11
2025-07-16,3,강북구,4,전자/가전,70,73.0,78.46,73.0,15,66.16,79.67,83.73,97.94
2025-07-16,18,송파구,3,생활용품,734,688.0,725.5,688.0,15,649.35,709.95,747.16,771.38
2025-07-16,2,강동구,3,생활용품,403,398.0,415.8,398.0,15,377.73,414.97,439.16,438.11
2025-07-16,12,동작구,2,식품/신선,267,296.0,296.86,296.0,15,264.74,291.81,304.91,309.04
2025-07-16,9,노원구,3,생활용품,382,398.0,404.82,398.0,15,361.88,406.84,423.58,434.58
2025-07-16,22,은평구,5,도서/문구,129,118.0,122.62,118.0,15,103.04,119.12,127.58,140.75
2025-07-16,13,마포구,5,도서/문구,118,91.0,123.35,91.0,15,104.55,121.62,127.0,135.59
2025-07-16,7,구로구,5,도서/문구,116,87.0,98.56,87.0,15,85.77,101.64,108.95,117.13
2025-07-16,16,성동구,5,도서/문구,98,82.0,84.35,82.0,15,71.67,87.27,92.44,102.8
2025-07-17,8,금천구,3,생활용품,140,153.0,144.4,153.0,16,127.92,149.07,156.29,165.85
2025-07-17,5,관악구,3,생활용품,435,453.0,441.91,453.0,16,404.55,441.26,467.63,468.79
2025-07-17,10,도봉구,2,식품/신선,134,146.0,145.49,146.0,16,124.65,144.29,155.15,167.99
2025-07-17,6,광진구,4,전자/가전,108,128.0,123.2,128.0,16,102.27,123.62,131.99,139.6
2025-07-17,16,성동구,5,도서/문구,89,76.0,84.12,76.0,16,69.85,85.91,90.5,103.23
2025-07-17,25,중랑구,1,패션/잡화,238,240.0,236.22,240.0,16,208.76,244.95,245.84,262.03
2025-07-17,15,서초구,1,패션/잡화,351,342.0,364.75,342.0,16,330.48,362.32,371.79,386.86
2025-07-17,21,용산구,1,패션/잡화,163,144.0,151.22,144.0,16,139.11,157.99,168.66,173.58
2025-07-17,22,은평구,4,전자/가전,130,123.0,130.47,123.0,16,116.28,130.27,136.09,149.49
2025-07-17,19,양천구,5,도서/문구,98,105.0,110.3,105.0,16,96.3,111.57,118.89,126.23
2025-07-17,11,동대문구,1,패션/잡화,242,225.0,228.94,225.0,16,205.79,232.97,241.5,254.84
2025-07-17,23,종로구,5,도서/문구,30,27.0,39.49,27.0,16,29.91,39.71,43.8,56.46
2025-07-17,17,성북구,5,도서/문구,124,114.0,107.84,114.0,16,93.81,109.83,116.95,124.55
2025-07-17,3,강북구,1,패션/잡화,157,157.0,157.69,157.0,16,140.73,155.5,167.41,176.93
2025-07-17,23,종로구,4,전자/가전,22,47.0,43.7,47.0,16,34.26,44.53,50.61,59.95
2025-07-17,21,용산구,2,식품/신선,171,143.0,146.45,143.0,16,129.02,150.67,156.7,171.36
2025-07-17,1,강남구,2,식품/신선,481,484.0,503.5,484.0,16,458.25,507.66,547.78,551.93
2025-07-17,19,양천구,3,생활용품,320,347.0,347.47,347.0,16,314.21,345.04,354.32,369.71
2025-07-17,21,용산구,3,생활용품,199,176.0,195.51,176.0,16,166.59,191.53,197.14,205.17
2025-07-17,13,마포구,3,생활용품,330,358.0,365.39,358.0,16,336.98,369.79,379.27,385.39
2025-07-17,16,성동구,4,전자/가전,84,96.0,98.38,96.0,16,83.78,101.69,107.44,117.49
2025-07-17,5,관악구,2,식품/신선,377,342.0,365.39,342.0,16,338.02,375.01,372.26,389.52
2025-07-17,6,광진구,5,도서/문구,92,90.0,94.97,90.0,16,79.89,96.33,100.83,111.4
2025-07-17,17,성북구,2,식품/신선,230,230.0,250.82,230.0,16,228.55,257.58,266.25,274.45
2025-07-17,1,강남구,4,전자/가전,259,291.0,287.96,291.0,16,264.33,290.97,303.37,309.56
2025-07-17,19,양천구,4,전자/가전,134,128.0,138.61,128.0,16,124.36,139.25,148.98,157.18
2025-07-17,11,동대문구,2,식품/신선,197,206.0,219.48,206.0,16,199.43,224.61,225.99,236.79
2025-07-17,25,중랑구,4,전자/가전,109,106.0,107.84,106.0,16,94.2,109.78,117.44,126.03
2025-07-17,9,노원구,1,패션/잡화,323,326.0,334.06,326.0,16,305.82,337.35,349.23,355.91
2025-07-17,16,성동구,1,패션/잡화,194,218.0,218.27,218.0,16,197.61,221.61,222.42,238.87
2025-07-17,4,강서구,1,패션/잡화,458,481.0,470.01,481.0,16,434.37,470.02,491.26,510.39
2025-07-17,24,중구,2,식품/신선,67,66.0,70.02,66.0,16,59.17,69.45,75.1,82.95
2025-07-17,13,마포구,2,식품/신선,283,304.0,317.69,304.0,16,288.45,317.94,323.33,337.74
2025-07-17,5,관악구,4,전자/가전,176,175.0,189.15,175.0,16,166.96,186.66,192.38,200.95
2025-07-17,24,중구,3,생활용품,80,87.0,90.63,87.0,16,75.49,89.25,97.59,106.43
2025-07-17,17,성북구,3,생활용품,320,316.0,314.7,316.0,16,285.73,322.3,324.53,341.48
2025-07-17,15,서초구,3,생활용품,413,438.0,433.31,438.0,16,394.27,426.04,443.12,454.38
2025-07-17,20,영등포구,2,식품/신선,275,277.0,284.83,277.0,16,255.94,287.17,300.24,306.01
2025-07-17,20,영등포구,4,전자/가전,163,153.0,147.98,153.0,16,135.76,151.83,156.97,166.13
2025-07-17,24,중구,5,도서/문구,21,27.0,38.48,27.0,16,28.09,37.58,41.91,56.46
2025-07-17,2,강동구,4,전자/가전,158,186.0,172.41,186.0,16,154.04,171.39,179.6,185.84
2025-07-17,6,광진구,2,식품/신선,209,204.0,215.9,204.0,16,192.18,217.84,223.12,232.05
2025-07-17,12,동작구,1,패션/잡화,274,248.0,264.17,248.0,16,240.29,272.6,275.03,285.94
2025-07-17,6,광진구,1,패션/잡화,229,212.0,240.93,212.0,16,212.28,243.96,248.33,260.4
2025-07-17,15,서초구,4,전자/가전,160,157.0,159.08,157.0,16,139.87,157.2,166.86,174.17
2025-07-17,20,영등포구,3,생활용품,310,363.0,363.33,363.0,16,329.71,368.06,378.28,385.39
2025-07-17,13,마포구,1,패션/잡화,353,370.0,353.9,370.0,16,322.39,351.89,367.07,369.71
2025-07-17,10,도봉구,4,전자/가전,65,67.0,78.78,67.0,16,66.55,79.18,84.44,98.77
2025-07-17,18,송파구,4,전자/가전,279,297.0,307.34,297.0,16,280.33,310.17,313.76,321.0
2025-07-17,17,성북구,4,전자/가전,121,116.0,127.98,116.0,16,114.77,129.07,135.29,143.92
2025-07-17,2,강동구,1,패션/잡화,350,312.0,332.45,312.0,16,303.64,332.26,350.6,357.06
2025-07-17,5,관악구,5,도서/문구,164,160.0,158.7,160.0,16,138.96,156.56,164.16,176.41
2025-07-17,25,중랑구,2,식품/신선,202,214.0,215.43,214.0,16,194.19,218.86,223.02,234.63
2025-07-17,6,광진구,3,생활용품,252,255.0,267.08,255.0,16,245.42,273.03,279.37,285.1
2025-07-17,15,서초구,2,식품/신선,306,288.0,324.01,288.0,16,290.43,323.55,335.97,349.17
2025-07-17,9,노원구,3,생활용품,339,373.0,387.98,373.0,16,351.1,388.74,401.12,410.9
2025-07-17,15,서초구,5,도서/문구,142,124.0,131.65,124.0,16,116.37,130.67,137.57,143.92
2025-07-17,12,동작구,5,도서/문구,100,78.0,95.82,78.0,16,81.4,96.85,105.32,114.4
2025-07-17,8,금천구,4,전자/가전,50,59.0,68.04,59.0,16,56.0,68.95,72.31,80.39
2025-07-17,20,영등포구,5,도서/문구,127,104.0,122.0,104.0,16,103.25,118.35,123.64,132.42
2025-07-17,20,영등포구,1,패션/잡화,309,322.0,326.94,322.0,16,292.24,322.79,334.37,352.36
2025-07-17,7,구로구,4,전자/가전,117,118.0,124.35,118.0,16,105.25,125.27,132.57,141.48
2025-07-17,2,강동구,5,도서/문구,129,151.0,136.16,151.0,16,119.92,136.01,150.14,157.3
2025-07-17,14,서대문구,1,패션/잡화,188,213.0,209.13,213.0,16,189.18,209.27,218.62,225.97
2025-07-17,22,은평구,5,도서/문구,116,103.0,110.09,103.0,16,96.03,112.23,119.74,126.71
2025-07-17,10,도봉구,3,생활용품,174,164.0,191.44,164.0,16,166.5,192.2,190.84,203.58
2025-07-17,10,도봉구,5,도서/문구,59,58.0,68.04,58.0,16,58.34,68.3,74.23,80.82
2025-07-17,24,중구,1,패션/잡화,73,74.0,78.36,74.0,16,65.09,78.01,81.69,97.24
2025-07-17,18,송파구,5,도서/문구,233,245.0,258.68,245.0,16,232.5,261.15,270.73,283.43
2025-07-17,14,서대문구,5,도서/문구,59,68.0,75.07,68.0,16,64.7,75.09,80.29,89.02
2025-07-17,12,동작구,4,전자/가전,119,107.0,122.13,107.0,16,106.33,118.35,125.62,132.69
2025-07-17,8,금천구,5,도서/문구,40,38.0,52.59,38.0,16,38.75,51.14,61.4,66.49
2025-07-17,25,중랑구,3,생활용품,256,246.0,261.72,246.0,16,234.84,262.68,271.25,283.53
2025-07-17,14,서대문구,4,전자/가전,73,103.0,95.32,103.0,16,81.57,98.57,102.39,112.88
2025-07-17,3,강북구,4,전자/가전,66,66.0,77.9,66.0,16,64.48,80.27,83.97,97.51
2025-07-17,18,송파구,2,식품/신선,535,589.0,610.3,589.0,16,539.83,603.56,636.37,656.45
2025-07-17,4,강서구,5,도서/문구,188,190.0,198.02,190.0,16,170.87,195.41,198.13,207.47
2025-07-17,16,성동구,3,생활용품,229,238.0,250.67,238.0,16,228.44,254.38,264.66,274.05
2025-07-17,12,동작구,3,생활용품,287,321.0,325.52,321.0,16,290.21,323.73,332.35,353.14
2025-07-17,2,강동구,2,식품/신선,280,306.0,330.44,306.0,16,293.93,327.42,343.16,355.87
2025-07-17,21,용산구,5,도서/문구,72,75.0,69.53,75.0,16,60.19,70.64,76.22,85.29
2025-07-17,19,양천구,2,식품/신선,262,280.0,290.97,280.0,16,261.52,291.93,304.39,310.68
2025-07-17,14,서대문구,2,식품/신선,188,174.0,195.74,174.0,16,166.64,194.93,201.83,213.93
2025-07-17,4,강서구,2,식품/신선,400,399.0,421.99,399.0,16,384.53,422.62,441.81,446.71
2025-07-17,22,은평구,3,생활용품,356,367.0,355.2,367.0,16,327.03,361.52,368.63,375.06
2025-07-17,13,마포구,4,전자/가전,142,141.0,146.29,141.0,16,128.74,147.32,153.62,164.13
2025-07-17,17,성북구,1,패션/잡화,267,285.0,271.76,285.0,16,248.71,273.23,288.31,298.74
2025-07-17,11,동대문구,4,전자/가전,99,120.0,107.77,120.0,16,93.92,109.05,113.26,121.61
2025-07-17,9,노원구,4,전자/가전,125,158.0,146.52,158.0,16,129.16,153.2,157.79,169.34
2025-07-17,7,구로구,2,식품/신선,250,242.0,261.72,242.0,16,233.04,262.88,271.25,282.61
2025-07-17,13,마포구,5,도서/문구,110,122.0,128.03,122.0,16,114.11,128.98,135.04,143.42
2025-07-17,4,강서구,4,전자/가전,222,222.0,227.41,222.0,16,200.59,228.59,235.21,251.03
2025-07-17,23,종로구,2,식품/신선,74,71.0,79.33,71.0,16,65.35,79.05,84.19,96.99
2025-07-17,11,동대문구,5,도서/문구,75,75.0,89.05,75.0,16,77.22,89.63,93.59,104.68
2025-07-17,14,서대문구,3,생활용품,224,226.0,245.43,226.0,16,217.86,247.04,255.65,266.32
2025-07-17,3,강북구,3,생활용품,191,146.0,162.46,146.0,16,149.29,162.55,172.44,185.51
2025-07-17,9,노원구,2,식품/신선,268,280.0,315.14,280.0,16,283.58,314.54,329.62,323.85
2025-07-17,22,은평구,1,패션/잡화,313,289.0,305.34,289.0,16,275.46,308.21,313.14,317.19
2025-07-17,1,강남구,1,패션/잡화,543,610.0,607.77,610.0,16,545.06,601.53,633.38,656.45
2025-07-17,1,강남구,5,도서/문구,196,226.0,215.39,226.0,16,197.42,222.99,223.38,235.88
2025-07-17,19,양천구,1,패션/잡화,276,306.0,315.3,306.0,16,285.73,316.74,323.66,341.48
2025-07-17,9,노원구,5,도서/문구,109,122.0,127.98,122.0,16,114.77,128.77,135.54,143.42
2025-07-17,18,송파구,1,패션/잡화,639,612.0,632.15,612.0,16,571.36,616.31,648.17,680.59
2025-07-17,18,송파구,3,생활용품,755,751.0,755.15,751.0,16,659.76,747.6,784.02,801.15
2025-07-17,23,종로구,3,생활용품,94,100.0,93.24,100.0,16,78.93,95.31,102.24,110.66
2025-07-17,11,동대문구,3,생활용품,254,250.0,265.76,250.0,16,243.25,267.62,275.7,284.08
2025-07-17,4,강서구,3,생활용품,521,509.0,536.75,509.0,16,464.25,525.73,563.17,581.75
2025-07-17,3,강북구,5,도서/문구,55,70.0,68.04,70.0,16,55.18,68.95,72.31,82.4
2025-07-17,25,중랑구,5,도서/문구,94,75.0,90.57,75.0,16,77.87,92.81,99.79,105.8
2025-07-17,7,구로구,3,생활용품,291,317.0,314.94,317.0,16,285.64,317.11,323.83,338.76
2025-07-17,24,중구,4,전자/가전,29,28.0,39.7,28.0,16,29.98,39.71,44.39,56.77
2025-07-17,22,은평구,2,식품/신선,254,231.0,277.57,231.0,16,247.51,279.54,292.58,301.96
2025-07-17,21,용산구,4,전자/가전,79,65.0,78.78,65.0,16,66.64,79.37,85.1,99.28
2025-07-17,8,금천구,2,식품/신선,102,107.0,116.83,107.0,16,101.28,115.74,123.75,130.87
2025-07-17,12,동작구,2,식품/신선,217,221.0,243.67,221.0,16,214.46,246.41,249.65,263.99
2025-07-17,16,성동구,2,식품/신선,178,235.0,210.6,235.0,16,188.84,209.92,219.1,231.64
2025-07-17,23,종로구,1,패션/잡화,79,72.0,81.1,72.0,16,68.08,84.01,91.62,102.8
2025-07-17,10,도봉구,1,패션/잡화,163,162.0,149.95,162.0,16,138.94,154.82,160.57,171.3
2025-07-17,1,강남구,3,생활용품,579,690.0,666.97,690.0,16,599.88,659.64,685.41,712.4
2025-07-17,7,구로구,1,패션/잡화,271,260.0,275.09,260.0,16,248.27,272.62,288.01,297.76
2025-07-17,8,금천구,1,패션/잡화,138,141.0,129.08,141.0,16,114.54,133.18,138.12,143.92
2025-07-17,3,강북구,2,식품/신선,143,138.0,141.38,138.0,16,124.86,140.71,151.15,163.06
2025-07-17,7,구로구,5,도서/문구,103,91.0,98.54,91.0,16,83.9,101.69,107.98,117.49
2025-07-17,2,강동구,3,생활용품,356,379.0,396.07,379.0,16,354.23,394.52,405.75,417.51
2025-07-17,5,관악구,1,패션/잡화,399,373.0,397.98,373.0,16,362.73,399.52,415.34,433.25
2025-07-18,25,중랑구,2,식품/신선,218,234.0,219.59,234.0,17,197.08,221.56,230.68,250.4
2025-07-18,8,금천구,1,패션/잡화,132,143.0,134.63,143.0,17,119.43,134.7,144.65,150.88
2025-07-18,10,도봉구,3,생활용품,209,205.0,203.77,205.0,17,180.18,207.79,215.9,224.41
2025-07-18,18,송파구,4,전자/가전,287,272.0,290.82,272.0,17,259.59,292.32,306.12,310.81
2025-07-18,7,구로구,2,식품/신선,249,252.0,259.49,252.0,17,233.04,265.1,271.17,283.96
2025-07-18,24,중구,5,도서/문구,34,31.0,38.7,31.0,17,28.09,37.58,42.01,56.46
2025-07-18,7,구로구,4,전자/가전,123,141.0,126.98,141.0,17,112.54,129.0,134.7,143.46
2025-07-18,6,광진구,2,식품/신선,202,231.0,215.33,231.0,17,197.61,218.93,223.21,233.93
2025-07-18,15,서초구,4,전자/가전,151,179.0,174.81,179.0,17,159.94,173.12,182.53,187.91
2025-07-18,7,구로구,3,생활용품,298,298.0,308.8,298.0,17,281.07,309.34,317.37,322.15
2025-07-18,16,성동구,3,생활용품,257,271.0,261.68,271.0,17,243.25,269.39,269.99,281.55
2025-07-18,19,양천구,1,패션/잡화,306,320.0,315.4,320.0,17,290.21,319.22,328.8,339.78
2025-07-18,25,중랑구,1,패션/잡화,231,243.0,234.42,243.0,17,206.43,243.2,241.91,258.69
2025-07-18,20,영등포구,2,식품/신선,264,325.0,305.29,325.0,17,280.7,307.08,313.54,323.35
2025-07-18,9,노원구,2,식품/신선,302,331.0,313.42,331.0,17,290.12,319.99,325.49,337.06
2025-07-18,17,성북구,3,생활용품,335,338.0,322.0,338.0,17,298.97,320.43,341.2,350.66
2025-07-18,17,성북구,4,전자/가전,140,132.0,129.75,132.0,17,115.77,129.74,135.25,144.05
2025-07-18,8,금천구,5,도서/문구,49,53.0,52.81,53.0,17,39.44,51.14,61.64,66.49
2025-07-18,1,강남구,3,생활용품,646,723.0,668.23,723.0,17,617.41,678.53,699.94,719.38
2025-07-18,20,영등포구,1,패션/잡화,308,333.0,330.68,333.0,17,305.69,331.04,341.85,352.49
2025-07-18,10,도봉구,1,패션/잡화,167,174.0,173.42,174.0,17,154.35,171.41,181.06,187.66
2025-07-18,19,양천구,3,생활용품,363,337.0,348.52,337.0,17,317.24,346.51,358.62,369.85
2025-07-18,1,강남구,4,전자/가전,272,281.0,278.83,281.0,17,248.93,285.12,289.81,299.92
2025-07-18,25,중랑구,3,생활용품,279,289.0,284.77,289.0,17,265.1,293.0,302.59,307.75
2025-07-18,6,광진구,5,도서/문구,88,99.0,95.67,99.0,17,80.38,98.42,102.84,111.79
2025-07-18,18,송파구,1,패션/잡화,621,715.0,662.08,715.0,17,612.46,670.93,696.44,719.38
2025-07-18,8,금천구,2,식품/신선,125,113.0,124.0,113.0,17,100.53,120.84,130.53,141.61
2025-07-18,16,성동구,4,전자/가전,116,116.0,105.56,116.0,17,91.78,107.45,112.94,121.56
2025-07-18,9,노원구,1,패션/잡화,318,337.0,352.25,337.0,17,317.41,349.62,366.25,374.05
2025-07-18,16,성동구,1,패션/잡화,222,219.0,212.04,219.0,17,192.18,212.25,222.51,231.35
2025-07-18,19,양천구,4,전자/가전,144,137.0,141.47,137.0,17,128.21,142.31,150.59,160.93
2025-07-18,16,성동구,2,식품/신선,208,207.0,201.66,207.0,17,181.25,202.94,211.25,215.1
2025-07-18,16,성동구,5,도서/문구,95,95.0,85.26,95.0,17,72.34,87.09,94.15,106.24
2025-07-18,7,구로구,1,패션/잡화,293,261.0,271.29,261.0,17,246.3,273.23,287.58,294.78
2025-07-18,17,성북구,2,식품/신선,242,252.0,257.63,252.0,17,233.04,258.41,266.35,280.15
2025-07-18,8,금천구,3,생활용품,128,145.0,141.79,145.0,17,127.92,141.77,151.0,162.86
2025-07-18,10,도봉구,2,식품/신선,163,149.0,141.79,149.0,17,124.43,140.48,151.64,166.06
2025-07-18,8,금천구,4,전자/가전,73,62.0,66.43,62.0,17,58.05,68.3,74.12,80.56
2025-07-18,9,노원구,4,전자/가전,148,143.0,142.83,143.0,17,128.75,146.78,154.28,166.06
2025-07-18,9,노원구,3,생활용품,397,406.0,407.7,406.0,17,368.72,409.49,425.83,433.96
2025-07-18,15,서초구,5,도서/문구,150,158.0,138.66,158.0,17,123.86,141.57,146.27,153.82
2025-07-18,6,광진구,3,생활용품,272,242.0,266.13,242.0,17,240.42,270.17,279.02,285.23
2025-07-18,1,강남구,5,도서/문구,207,216.0,215.5,216.0,17,197.42,219.59,223.48,233.93
2025-07-18,9,노원구,5,도서/문구,133,136.0,133.85,136.0,17,119.41,135.66,144.37,148.2
2025-07-18,18,송파구,5,도서/문구,240,259.0,262.7,259.0,17,240.91,266.56,275.8,282.37
2025-07-18,18,송파구,3,생활용품,717,773.0,759.29,773.0,17,662.8,747.6,788.6,808.54
2025-07-18,7,구로구,5,도서/문구,112,99.0,104.37,99.0,17,87.64,104.78,112.17,121.56
2025-07-18,18,송파구,2,식품/신선,570,571.0,601.32,571.0,17,532.77,602.34,626.13,647.76
2025-07-18,17,성북구,5,도서/문구,125,105.0,108.06,105.0,17,93.81,109.83,117.04,124.5
2025-07-18,19,양천구,2,식품/신선,261,303.0,305.49,303.0,17,278.01,306.87,314.76,319.96
2025-07-18,6,광진구,4,전자/가전,108,116.0,117.47,116.0,17,101.75,118.23,124.05,129.72
2025-07-18,19,양천구,5,도서/문구,118,111.0,113.21,111.0,17,96.3,113.06,121.37,126.92
2025-07-18,17,성북구,1,패션/잡화,295,280.0,285.46,280.0,17,264.12,287.8,302.26,308.64
2025-07-18,24,중구,2,식품/신선,71,65.0,72.18,65.0,17,61.25,73.63,78.99,88.23
2025-07-18,21,용산구,5,도서/문구,67,71.0,68.26,71.0,17,59.04,69.28,74.32,83.66
2025-07-18,21,용산구,2,식품/신선,139,162.0,146.75,162.0,17,136.02,151.5,157.03,169.47
2025-07-18,3,강북구,5,도서/문구,62,73.0,68.26,73.0,17,57.18,68.3,74.12,82.58
2025-07-18,22,은평구,5,도서/문구,120,118.0,112.72,118.0,17,94.16,112.59,121.82,127.98
2025-07-18,15,서초구,1,패션/잡화,353,380.0,378.13,380.0,17,343.32,379.82,396.98,406.83
2025-07-18,13,마포구,2,식품/신선,279,292.0,307.42,292.0,17,275.8,308.71,318.79,318.78
2025-07-18,5,관악구,3,생활용품,450,432.0,442.12,432.0,17,400.45,435.16,467.72,463.81
2025-07-18,11,동대문구,5,도서/문구,89,84.0,89.19,84.0,17,77.46,89.63,93.69,104.81
2025-07-18,22,은평구,3,생활용품,332,343.0,353.57,343.0,17,317.96,351.87,367.82,370.99
2025-07-18,14,서대문구,4,전자/가전,107,107.0,101.63,107.0,17,85.31,101.96,107.42,116.5
2025-07-18,13,마포구,3,생활용품,364,387.0,382.75,387.0,17,347.57,380.97,397.97,404.79
2025-07-18,4,강서구,5,도서/문구,177,178.0,195.77,178.0,17,166.96,189.85,195.41,202.9
2025-07-18,21,용산구,1,패션/잡화,175,172.0,169.78,172.0,17,153.77,166.89,179.04,185.95
2025-07-18,24,중구,3,생활용품,83,90.0,92.98,90.0,17,78.93,92.69,99.77,107.78
2025-07-18,11,동대문구,1,패션/잡화,227,191.0,211.58,191.0,17,189.94,213.02,216.14,230.3
2025-07-18,1,강남구,2,식품/신선,514,543.0,527.06,543.0,17,463.15,519.48,556.34,568.84
2025-07-18,11,동대문구,3,생활용품,266,251.0,259.31,251.0,17,232.93,264.76,270.05,281.3
2025-07-18,1,강남구,1,패션/잡화,593,577.0,603.64,577.0,17,536.91,600.3,625.66,647.76
2025-07-18,14,서대문구,2,식품/신선,194,197.0,201.66,197.0,17,177.94,202.76,210.81,218.83
2025-07-18,4,강서구,3,생활용품,538,538.0,523.03,538.0,17,466.16,522.85,555.32,559.78
2025-07-18,23,종로구,5,도서/문구,30,31.0,39.71,31.0,17,29.91,39.71,43.95,56.46
2025-07-18,22,은평구,4,전자/가전,134,147.0,135.73,147.0,17,119.92,136.01,146.33,157.02
2025-07-18,24,중구,4,전자/가전,37,30.0,39.92,30.0,17,29.98,39.71,44.53,56.77
2025-07-18,21,용산구,4,전자/가전,64,71.0,77.05,71.0,17,65.43,77.21,83.67,92.84
2025-07-18,12,동작구,5,도서/문구,106,106.0,104.37,106.0,17,91.77,104.78,111.53,121.56
2025-07-18,4,강서구,1,패션/잡화,462,505.0,465.56,505.0,17,428.19,463.32,491.35,497.48
2025-07-18,14,서대문구,5,도서/문구,93,76.0,81.32,76.0,17,68.48,83.04,90.6,103.36
2025-07-18,21,용산구,3,생활용품,188,237.0,208.62,237.0,17,184.05,211.04,220.51,226.21
2025-07-18,24,중구,1,패션/잡화,82,66.0,73.85,66.0,17,62.66,74.39,80.47,91.98
2025-07-18,23,종로구,4,전자/가전,33,37.0,43.92,37.0,17,34.26,43.73,49.53,57.11
2025-07-18,2,강동구,5,도서/문구,125,124.0,132.23,124.0,17,116.28,130.27,140.74,151.31
2025-07-18,12,동작구,1,패션/잡화,257,280.0,270.12,280.0,17,246.3,269.74,287.14,294.78
2025-07-18,5,관악구,2,식품/신선,344,351.0,357.92,351.0,17,326.8,351.87,369.28,375.19
2025-07-18,12,동작구,4,전자/가전,129,129.0,126.51,129.0,17,113.9,128.92,133.7,144.05
2025-07-18,25,중랑구,4,전자/가전,108,101.0,101.1,101.0,17,86.03,105.11,112.22,120.79
2025-07-18,2,강동구,3,생활용품,384,410.0,409.57,410.0,17,370.25,409.49,429.37,434.8
2025-07-18,11,동대문구,2,식품/신선,200,231.0,214.68,231.0,17,197.1,221.66,222.71,236.01
2025-07-18,14,서대문구,1,패션/잡화,196,255.0,229.51,255.0,17,205.94,234.59,240.87,256.86
2025-07-18,3,강북구,4,전자/가전,79,85.0,82.23,85.0,17,67.23,84.62,89.21,101.59
2025-07-18,5,관악구,1,패션/잡화,385,412.0,408.56,412.0,17,378.33,409.93,428.57,433.96
2025-07-18,5,관악구,4,전자/가전,176,203.0,200.88,203.0,17,178.24,202.96,210.26,217.54
2025-07-18,22,은평구,2,식품/신선,289,261.0,276.04,261.0,17,246.71,274.7,294.67,298.62
2025-07-18,2,강동구,2,식품/신선,291,285.0,313.53,285.0,17,276.41,314.89,323.08,322.89
2025-07-18,23,종로구,2,식품/신선,70,75.0,79.48,75.0,17,66.04,79.21,84.28,99.25
2025-07-18,15,서초구,3,생활용품,420,455.0,437.13,455.0,17,394.27,428.61,456.05,455.83
2025-07-18,20,영등포구,4,전자/가전,121,146.0,144.17,146.0,17,124.89,148.24,155.28,165.98
2025-07-18,3,강북구,3,생활용품,172,188.0,183.95,188.0,17,159.86,182.14,195.61,199.52
2025-07-18,25,중랑구,5,도서/문구,81,86.0,92.66,86.0,17,77.87,94.35,100.01,107.78
2025-07-18,23,종로구,3,생활용품,92,107.0,95.7,107.0,17,80.93,97.97,102.13,111.79
2025-07-18,13,마포구,1,패션/잡화,341,324.0,335.51,324.0,17,306.03,339.42,349.14,356.04
2025-07-18,5,관악구,5,도서/문구,144,153.0,150.61,153.0,17,138.7,154.35,163.58,168.01
2025-07-18,11,동대문구,4,전자/가전,118,103.0,104.19,103.0,17,89.56,105.44,112.82,121.67
2025-07-18,3,강북구,1,패션/잡화,161,176.0,173.42,176.0,17,154.09,171.41,181.06,187.66
2025-07-18,13,마포구,4,전자/가전,160,152.0,146.99,152.0,17,131.47,153.78,159.04,167.67
2025-07-18,14,서대문구,3,생활용품,234,255.0,246.21,255.0,17,217.86,247.04,260.42,272.19
2025-07-18,10,도봉구,5,도서/문구,71,68.0,69.39,68.0,17,59.54,70.3,76.32,84.01
2025-07-18,4,강서구,2,식품/신선,398,417.0,424.84,417.0,17,393.93,426.32,448.46,444.6
2025-07-18,6,광진구,1,패션/잡화,225,238.0,247.11,238.0,17,225.35,251.91,260.45,272.17
2025-07-18,15,서초구,2,식품/신선,338,330.0,327.05,330.0,17,299.49,328.23,344.34,352.15
2025-07-18,10,도봉구,4,전자/가전,77,83.0,79.0,83.0,17,67.47,82.36,88.72,100.61
2025-07-18,4,강서구,4,전자/가전,217,235.0,230.47,235.0,17,206.12,230.16,242.84,251.52
2025-07-18,2,강동구,4,전자/가전,179,171.0,161.09,171.0,17,141.41,162.77,172.7,184.73
2025-07-18,13,마포구,5,도서/문구,124,131.0,130.98,131.0,17,115.98,130.52,135.07,144.05
2025-07-18,2,강동구,1,패션/잡화,338,359.0,351.94,359.0,17,319.58,349.62,366.25,375.19
2025-07-18,12,동작구,3,생활용품,287,296.0,306.28,296.0,17,281.07,312.07,319.29,326.7
2025-07-18,20,영등포구,5,도서/문구,134,115.0,124.91,115.0,17,105.13,123.72,132.55,141.61
2025-07-18,3,강북구,2,식품/신선,138,123.0,138.22,123.0,17,124.43,136.87,147.98,157.96
2025-07-18,12,동작구,2,식품/신선,234,259.0,261.22,259.0,17,238.36,263.5,270.82,283.15
2025-07-18,20,영등포구,3,생활용품,373,352.0,360.08,352.0,17,329.71,363.06,368.97,375.19
2025-07-18,23,종로구,1,패션/잡화,82,89.0,86.45,89.0,17,71.72,86.15,91.72,103.92
2025-07-18,22,은평구,1,패션/잡화,295,310.0,309.05,310.0,17,284.78,310.54,323.07,336.04
2025-07-19,3,강북구,1,패션/잡화,138,133.0,131.85,133.0,18,118.0,132.94,140.59,150.72
2025-07-19,4,강서구,1,패션/잡화,386,425.0,404.71,425.0,18,376.78,414.63,434.83,432.18
2025-07-19,2,강동구,2,식품/신선,230,249.0,258.63,249.0,18,233.7,264.0,269.18,283.71
2025-07-19,4,강서구,2,식품/신선,325,315.0,329.46,315.0,18,302.09,324.9,355.88,360.44
2025-07-19,22,은평구,3,생활용품,271,289.0,303.4,289.0,18,275.74,306.78,314.23,311.94
2025-07-19,22,은평구,2,식품/신선,180,236.0,232.06,236.0,18,209.2,232.51,243.02,254.43
2025-07-19,23,종로구,4,전자/가전,33,16.0,34.79,16.0,18,26.39,36.95,45.35,57.11
2025-07-19,11,동대문구,5,도서/문구,57,61.0,69.48,61.0,18,58.8,70.08,74.35,86.39
2025-07-19,6,광진구,1,패션/잡화,201,201.0,207.44,201.0,18,183.92,207.19,217.07,226.61
2025-07-19,9,노원구,4,전자/가전,111,162.0,131.16,162.0,18,117.7,130.55,142.88,156.02
2025-07-19,7,구로구,3,생활용품,234,268.0,268.41,268.0,18,245.21,265.89,282.9,288.67
2025-07-19,17,성북구,2,식품/신선,206,211.0,212.56,211.0,18,193.16,213.54,222.0,233.59
2025-07-19,8,금천구,3,생활용품,123,128.0,124.59,128.0,18,108.23,122.4,131.66,142.51
2025-07-19,14,서대문구,2,식품/신선,138,156.0,161.8,156.0,18,138.23,163.05,169.76,177.81
2025-07-19,12,동작구,1,패션/잡화,198,222.0,221.39,222.0,18,199.03,223.16,232.66,245.87
2025-07-19,25,중랑구,1,패션/잡화,182,190.0,197.72,190.0,18,174.67,191.79,204.43,209.12
2025-07-19,23,종로구,3,생활용품,84,69.0,72.23,69.0,18,60.64,74.36,81.04,88.57
2025-07-19,18,송파구,3,생활용품,564,586.0,606.09,586.0,18,572.89,612.33,630.51,650.61
2025-07-19,12,동작구,2,식품/신선,171,192.0,213.39,192.0,18,193.16,213.54,221.69,233.0
2025-07-19,23,종로구,1,패션/잡화,68,75.0,70.46,75.0,18,58.65,70.86,76.57,88.92
2025-07-19,18,송파구,1,패션/잡화,506,535.0,532.87,535.0,18,476.41,525.88,555.89,576.63
2025-07-19,8,금천구,1,패션/잡화,102,96.0,104.43,96.0,18,89.08,100.57,115.9,121.69
2025-07-19,1,강남구,4,전자/가전,200,201.0,218.59,201.0,18,199.0,224.11,227.08,238.17
2025-07-19,18,송파구,2,식품/신선,416,455.0,472.31,455.0,18,432.72,473.24,499.08,501.01
2025-07-19,9,노원구,2,식품/신선,233,222.0,240.03,222.0,18,211.82,239.36,244.62,266.7
2025-07-19,3,강북구,3,생활용품,140,120.0,134.77,120.0,18,120.54,136.14,149.34,161.69
2025-07-19,23,종로구,2,식품/신선,66,57.0,60.65,57.0,18,49.27,62.49,67.94,82.18
2025-07-19,13,마포구,4,전자/가전,120,125.0,124.78,125.0,18,108.37,124.93,134.03,144.4
2025-07-19,17,성북구,1,패션/잡화,232,229.0,238.65,229.0,18,219.92,246.97,246.61,257.96
2025-07-19,12,동작구,3,생활용품,266,263.0,261.51,263.0,18,244.44,265.89,274.62,283.32
2025-07-19,3,강북구,2,식품/신선,105,105.0,111.9,105.0,18,99.57,110.25,121.18,130.88
2025-07-19,7,구로구,5,도서/문구,86,89.0,86.58,89.0,18,73.74,84.85,94.22,104.56
2025-07-19,13,마포구,5,도서/문구,103,107.0,99.49,107.0,18,85.56,100.38,113.52,119.21
2025-07-19,3,강북구,4,전자/가전,57,64.0,60.49,64.0,18,49.0,62.41,68.14,82.16
2025-07-19,13,마포구,3,생활용품,313,320.0,311.28,320.0,18,286.64,314.3,324.99,331.08
2025-07-19,18,송파구,5,도서/문구,204,179.0,205.67,179.0,18,181.51,206.89,216.8,222.94
2025-07-19,22,은평구,4,전자/가전,126,121.0,118.23,121.0,18,99.33,111.84,124.02,138.98
2025-07-19,2,강동구,3,생활용품,312,339.0,341.8,339.0,18,315.44,341.44,352.52,362.81
2025-07-19,12,동작구,4,전자/가전,119,92.0,98.42,92.0,18,84.33,98.32,107.68,116.68
2025-07-19,9,노원구,1,패션/잡화,289,277.0,276.94,277.0,18,250.95,274.91,294.15,298.16
2025-07-19,1,강남구,3,생활용품,501,520.0,515.55,520.0,18,466.8,519.22,539.45,568.34
2025-07-19,14,서대문구,1,패션/잡화,164,162.0,173.69,162.0,18,153.42,174.22,182.65,193.46
2025-07-19,16,성동구,4,전자/가전,76,70.0,81.17,70.0,18,64.87,82.29,91.14,103.99
2025-07-19,7,구로구,4,전자/가전,105,92.0,97.35,92.0,18,81.96,98.05,106.32,114.54
2025-07-19,3,강북구,5,도서/문구,54,50.0,51.73,50.0,18,40.98,54.0,61.6,72.86
2025-07-19,9,노원구,3,생활용품,320,323.0,323.7,323.0,18,300.42,321.93,337.28,347.22
2025-07-19,22,은평구,5,도서/문구,90,94.0,96.39,94.0,18,79.49,94.93,104.45,110.25
2025-07-19,25,중랑구,5,도서/문구,66,73.0,71.55,73.0,18,60.42,74.09,78.99,88.39
2025-07-19,1,강남구,1,패션/잡화,427,503.0,484.05,503.0,18,451.15,504.58,527.17,536.29
2025-07-19,24,중구,3,생활용품,70,86.0,78.43,86.0,18,65.02,79.43,85.63,98.35
2025-07-19,16,성동구,5,도서/문구,79,66.0,68.51,66.0,18,55.97,67.61,72.58,83.68
2025-07-19,18,송파구,4,전자/가전,259,264.0,254.57,264.0,18,231.71,255.15,265.02,272.85
2025-07-19,4,강서구,3,생활용품,467,404.0,434.02,404.0,18,398.88,432.99,452.17,462.14
2025-07-19,13,마포구,2,식품/신선,213,243.0,244.71,243.0,18,216.96,245.27,252.01,263.81
2025-07-19,24,중구,1,패션/잡화,53,63.0,60.88,63.0,18,50.31,56.93,63.47,80.4
2025-07-19,15,서초구,2,식품/신선,242,282.0,275.66,282.0,18,248.42,273.75,292.52,294.64
2025-07-19,15,서초구,5,도서/문구,101,114.0,106.45,114.0,18,93.46,104.51,118.69,121.69
2025-07-19,5,관악구,4,전자/가전,130,165.0,157.96,165.0,18,138.2,161.05,168.71,177.04
2025-07-19,6,광진구,3,생활용품,227,227.0,221.06,227.0,18,199.03,220.9,229.14,245.87
2025-07-19,2,강동구,4,전자/가전,131,133.0,130.41,133.0,18,117.92,128.2,137.09,147.32
2025-07-19,19,양천구,5,도서/문구,97,106.0,94.43,106.0,18,79.49,94.78,104.19,110.25
2025-07-19,11,동대문구,1,패션/잡화,175,199.0,194.14,199.0,18,174.8,189.72,197.76,204.61
2025-07-19,21,용산구,1,패션/잡화,128,164.0,141.02,164.0,18,122.56,144.62,151.77,164.46
2025-07-19,8,금천구,5,도서/문구,42,42.0,42.55,42.0,18,30.99,43.28,54.98,62.96
2025-07-19,6,광진구,4,전자/가전,72,85.0,93.64,85.0,18,76.99,93.51,103.59,108.8
2025-07-19,10,도봉구,2,식품/신선,125,111.0,109.44,111.0,18,95.73,111.65,122.6,133.98
2025-07-19,5,관악구,3,생활용품,338,341.0,353.63,341.0,18,326.86,355.0,375.56,380.39
2025-07-19,15,서초구,1,패션/잡화,327,302.0,309.1,302.0,18,282.72,311.97,325.68,328.29
2025-07-19,19,양천구,1,패션/잡화,243,283.0,267.93,283.0,18,245.21,266.62,282.73,289.21
2025-07-19,17,성북구,4,전자/가전,106,106.0,108.52,106.0,18,95.64,105.64,117.32,119.57
2025-07-19,20,영등포구,5,도서/문구,97,92.0,96.84,92.0,18,81.6,98.35,105.0,112.13
2025-07-19,17,성북구,3,생활용품,226,274.0,267.32,274.0,18,245.21,266.77,285.38,288.06
2025-07-19,2,강동구,1,패션/잡화,283,276.0,291.52,276.0,18,266.35,290.89,309.29,309.07
2025-07-19,20,영등포구,1,패션/잡화,254,237.0,262.7,237.0,18,233.67,261.84,271.08,288.62
2025-07-19,10,도봉구,4,전자/가전,50,61.0,61.36,61.0,18,50.47,62.57,67.94,82.51
2025-07-19,20,영등포구,3,생활용품,286,327.0,318.6,327.0,18,289.54,318.79,333.62,342.75
2025-07-19,24,중구,2,식품/신선,45,49.0,53.09,49.0,18,42.6,54.54,62.08,74.61
2025-07-19,15,서초구,4,전자/가전,116,129.0,133.47,129.0,18,118.36,134.89,143.95,154.58
2025-07-19,25,중랑구,2,식품/신선,155,159.0,170.64,159.0,18,148.34,170.7,183.7,194.27
2025-07-19,5,관악구,5,도서/문구,120,98.0,119.58,98.0,18,99.67,117.48,125.01,134.18
2025-07-19,20,영등포구,2,식품/신선,225,211.0,236.47,211.0,18,205.62,232.83,243.37,262.44
2025-07-19,19,양천구,4,전자/가전,104,115.0,118.94,115.0,18,101.7,114.0,124.26,133.22
2025-07-19,15,서초구,3,생활용품,338,321.0,345.87,321.0,18,314.99,343.46,359.38,368.43
2025-07-19,6,광진구,2,식품/신선,177,164.0,185.39,164.0,18,162.4,179.35,186.73,196.8
2025-07-19,8,금천구,4,전자/가전,54,67.0,52.25,67.0,18,41.79,54.13,61.04,72.79
2025-07-19,24,중구,5,도서/문구,22,12.0,29.81,12.0,18,21.27,30.6,35.55,56.46
2025-07-19,10,도봉구,3,생활용품,149,156.0,164.06,156.0,18,150.45,168.17,177.25,187.29
2025-07-19,10,도봉구,5,도서/문구,65,56.0,52.25,56.0,18,42.92,54.19,61.71,74.05
2025-07-19,1,강남구,2,식품/신선,407,418.0,434.02,418.0,18,394.87,433.81,450.55,462.14
2025-07-19,13,마포구,1,패션/잡화,243,272.0,276.26,272.0,18,250.92,274.29,292.44,294.64
2025-07-19,20,영등포구,4,전자/가전,123,120.0,123.03,120.0,18,105.9,122.5,133.29,141.56
2025-07-19,21,용산구,2,식품/신선,113,131.0,127.2,131.0,18,114.02,126.85,134.74,147.38
2025-07-19,8,금천구,2,식품/신선,82,92.0,96.65,92.0,18,81.46,97.37,104.09,112.13
2025-07-19,23,종로구,5,도서/문구,33,24.0,30.58,24.0,18,21.77,32.79,37.47,56.46
2025-07-19,25,중랑구,3,생활용품,200,211.0,227.9,211.0,18,198.9,225.76,234.1,247.87
2025-07-19,21,용산구,4,전자/가전,65,73.0,67.0,73.0,18,55.35,65.57,72.48,83.03
2025-07-19,16,성동구,2,식품/신선,151,154.0,154.06,154.0,18,137.76,159.49,169.1,171.2
2025-07-19,17,성북구,5,도서/문구,87,90.0,91.9,90.0,18,76.81,92.26,101.48,108.2
2025-07-19,16,성동구,1,패션/잡화,191,212.0,196.15,212.0,18,179.12,196.36,200.64,207.27
2025-07-19,7,구로구,1,패션/잡화,223,187.0,212.5,187.0,18,190.92,213.25,225.02,235.35
2025-07-19,14,서대문구,3,생활용품,210,194.0,204.05,194.0,18,183.29,205.98,215.47,222.93
2025-07-19,4,강서구,5,도서/문구,146,159.0,162.58,159.0,18,137.21,161.87,168.71,178.2
2025-07-19,19,양천구,2,식품/신선,215,217.0,226.99,217.0,18,202.92,224.99,242.02,257.5
2025-07-19,11,동대문구,3,생활용품,205,187.0,207.06,187.0,18,184.67,207.67,216.03,224.23
2025-07-19,21,용산구,5,도서/문구,53,53.0,52.25,53.0,18,42.94,54.7,62.08,74.45
2025-07-19,22,은평구,1,패션/잡화,235,263.0,256.93,263.0,18,233.16,259.67,269.19,274.02
2025-07-19,4,강서구,4,전자/가전,177,172.0,186.69,172.0,18,162.37,184.59,187.5,199.81
2025-07-19,9,노원구,5,도서/문구,108,109.0,104.72,109.0,18,93.59,102.03,114.78,121.33
2025-07-19,14,서대문구,4,전자/가전,68,69.0,74.62,69.0,18,64.07,76.99,86.63,94.22
2025-07-19,5,관악구,1,패션/잡화,327,330.0,324.64,330.0,18,302.07,327.28,344.34,347.22
2025-07-19,11,동대문구,4,전자/가전,86,83.0,86.66,83.0,18,70.75,84.35,93.08,104.56
2025-07-19,16,성동구,3,생활용품,177,207.0,213.11,207.0,18,193.16,213.41,221.14,234.46
2025-07-19,24,중구,4,전자/가전,27,29.0,30.79,29.0,18,21.85,32.79,38.06,56.77
2025-07-19,2,강동구,5,도서/문구,110,105.0,107.17,105.0,18,93.5,104.04,120.57,128.45
2025-07-19,10,도봉구,1,패션/잡화,110,131.0,132.79,131.0,18,118.26,133.32,140.59,154.58
2025-07-19,7,구로구,2,식품/신선,177,178.0,205.6,178.0,18,184.67,203.97,216.36,224.23
2025-07-19,21,용산구,3,생활용품,145,144.0,161.8,144.0,18,140.2,161.39,172.34,183.83
2025-07-19,1,강남구,5,도서/문구,173,191.0,193.93,191.0,18,178.58,194.3,195.37,205.56
2025-07-19,14,서대문구,5,도서/문구,60,62.0,66.16,62.0,18,54.98,65.27,72.11,82.96
2025-07-19,11,동대문구,2,식품/신선,149,161.0,178.12,161.0,18,156.43,177.16,186.05,193.37
2025-07-19,19,양천구,3,생활용품,301,279.0,292.0,279.0,18,266.35,291.66,309.76,304.41
2025-07-19,12,동작구,5,도서/문구,91,89.0,86.58,89.0,18,73.96,84.85,94.22,104.56
2025-07-19,6,광진구,5,도서/문구,62,81.0,78.7,81.0,18,64.73,79.03,87.79,99.04
2025-07-19,5,관악구,2,식품/신선,299,278.0,292.39,278.0,18,266.32,291.66,311.47,309.5
2025-07-19,25,중랑구,4,전자/가전,88,96.0,91.28,96.0,18,76.79,90.08,100.43,108.15
2025-07-20,8,금천구,2,식품/신선,105,77.0,91.58,77.0,19,76.96,91.6,97.74,109.58
2025-07-20,23,종로구,4,전자/가전,37,37.0,35.07,37.0,19,26.73,37.43,45.36,57.11
2025-07-20,1,강남구,4,전자/가전,187,201.0,202.7,201.0,19,183.22,205.33,207.04,218.24
2025-07-20,24,중구,2,식품/신선,51,49.0,52.85,49.0,19,40.74,52.62,60.33,72.67
2025-07-20,17,성북구,5,도서/문구,67,70.0,83.6,70.0,19,66.82,86.48,92.44,106.35
2025-07-20,17,성북구,4,전자/가전,95,76.0,97.8,76.0,19,82.05,100.65,108.81,113.72
2025-07-20,2,강동구,5,도서/문구,103,122.0,115.56,122.0,19,96.4,109.77,118.74,129.42
2025-07-20,18,송파구,1,패션/잡화,487,507.0,483.17,507.0,19,439.54,491.98,506.55,524.84
2025-07-20,8,금천구,3,생활용품,120,106.0,108.87,106.0,19,94.9,109.38,116.65,126.66
2025-07-20,23,종로구,3,생활용품,74,54.0,68.25,54.0,19,56.17,70.99,78.72,84.58
2025-07-20,3,강북구,1,패션/잡화,103,137.0,127.22,137.0,19,114.73,124.82,134.32,146.63
2025-07-20,23,종로구,5,도서/문구,26,41.0,30.86,41.0,19,22.12,33.27,37.49,56.46
2025-07-20,2,강동구,4,전자/가전,114,135.0,127.38,135.0,19,114.98,126.13,135.65,147.64
2025-07-20,24,중구,1,패션/잡화,53,62.0,58.13,62.0,19,44.13,56.32,61.39,75.7
2025-07-20,8,금천구,4,전자/가전,46,46.0,52.01,46.0,19,40.19,52.13,59.92,71.43
2025-07-20,2,강동구,3,생활용품,293,333.0,316.18,333.0,19,291.13,320.57,325.61,331.64
2025-07-20,6,광진구,1,패션/잡화,168,194.0,194.77,194.0,19,177.51,190.96,202.7,205.91
2025-07-20,23,종로구,2,식품/신선,49,58.0,62.25,58.0,19,47.97,62.21,66.53,78.79
2025-07-20,4,강서구,5,도서/문구,129,151.0,149.97,151.0,19,132.86,149.18,154.79,166.21
2025-07-20,21,용산구,4,전자/가전,64,54.0,57.48,54.0,19,47.85,62.78,68.19,78.3
2025-07-20,5,관악구,1,패션/잡화,286,296.0,300.85,296.0,19,279.33,303.71,312.37,314.57
2025-07-20,24,중구,4,전자/가전,21,25.0,31.38,25.0,19,22.31,33.27,38.07,56.77
2025-07-20,21,용산구,3,생활용품,152,137.0,145.06,137.0,19,121.46,138.98,148.74,161.44
2025-07-20,1,강남구,5,도서/문구,161,148.0,154.8,148.0,19,138.22,158.12,163.91,171.57
2025-07-20,6,광진구,5,도서/문구,61,68.0,72.65,68.0,19,59.52,73.71,81.82,90.47
2025-07-20,5,관악구,2,식품/신선,251,287.0,271.31,287.0,19,246.59,270.65,288.75,291.71
2025-07-20,21,용산구,2,식품/신선,105,101.0,109.77,101.0,19,95.58,111.97,117.54,131.97
2025-07-20,19,양천구,4,전자/가전,86,100.0,108.54,100.0,19,95.19,109.5,117.5,125.13
2025-07-20,6,광진구,4,전자/가전,80,100.0,93.34,100.0,19,77.48,91.17,101.13,108.99
2025-07-20,7,구로구,1,패션/잡화,222,197.0,203.68,197.0,19,183.74,204.04,210.77,222.01
2025-07-20,5,관악구,3,생활용품,316,334.0,323.48,334.0,19,299.03,325.82,340.48,348.17
2025-07-20,19,양천구,5,도서/문구,94,112.0,94.28,112.0,19,79.6,92.36,101.49,110.18
2025-07-20,6,광진구,3,생활용품,201,211.0,207.26,211.0,19,191.63,209.97,217.96,224.08
2025-07-20,20,영등포구,5,도서/문구,99,83.0,95.57,83.0,19,81.23,95.99,103.54,111.8
2025-07-20,5,관악구,4,전자/가전,136,135.0,144.84,135.0,19,121.16,138.53,149.4,160.69
2025-07-20,20,영등포구,1,패션/잡화,243,248.0,244.17,248.0,19,217.06,245.02,256.63,272.54
2025-07-20,24,중구,5,도서/문구,14,21.0,30.86,21.0,19,21.88,32.05,37.49,56.46
2025-07-20,6,광진구,2,식품/신선,157,176.0,171.24,176.0,19,153.12,168.38,176.58,188.97
2025-07-20,20,영등포구,4,전자/가전,108,120.0,117.13,120.0,19,100.99,113.48,119.62,129.17
2025-07-20,20,영등포구,2,식품/신선,208,234.0,221.55,234.0,19,197.58,222.18,227.17,245.4
2025-07-20,5,관악구,5,도서/문구,87,108.0,112.23,108.0,19,97.29,111.76,117.54,128.47
2025-07-20,20,영등포구,3,생활용품,244,271.0,287.53,271.0,19,265.28,289.59,307.35,303.67
2025-07-20,21,용산구,1,패션/잡화,132,133.0,129.38,133.0,19,119.07,125.77,136.76,149.82
2025-07-20,19,양천구,2,식품/신선,223,203.0,204.45,203.0,19,186.54,205.65,210.65,226.28
2025-07-20,21,용산구,5,도서/문구,50,49.0,52.01,49.0,19,40.62,52.78,60.18,73.66
2025-07-20,4,강서구,4,전자/가전,181,168.0,177.08,168.0,19,156.75,171.87,180.04,188.53
2025-07-20,18,송파구,2,식품/신선,392,465.0,439.81,465.0,19,407.59,446.02,463.52,466.72
2025-07-20,8,금천구,1,패션/잡화,94,102.0,97.64,102.0,19,82.18,98.3,106.5,114.17
2025-07-20,3,강북구,3,생활용품,130,141.0,133.08,141.0,19,119.06,129.54,141.19,153.68
2025-07-20,23,종로구,1,패션/잡화,57,69.0,66.84,69.0,19,54.34,65.47,72.01,83.03
2025-07-20,18,송파구,3,생활용품,563,526.0,565.78,526.0,19,518.13,560.59,591.95,603.82
2025-07-20,7,구로구,5,도서/문구,72,77.0,81.25,77.0,19,66.47,82.01,89.42,103.38
2025-07-20,3,강북구,4,전자/가전,57,53.0,56.61,53.0,19,45.0,61.43,66.73,76.51
2025-07-20,24,중구,3,생활용품,72,70.0,71.21,70.0,19,58.63,71.42,78.84,87.72
2025-07-20,22,은평구,5,도서/문구,81,100.0,96.24,100.0,19,79.6,94.45,103.01,110.18
2025-07-20,18,송파구,4,전자/가전,225,266.0,247.36,266.0,19,220.95,249.14,260.64,269.33
2025-07-20,7,구로구,4,전자/가전,96,94.0,96.32,94.0,19,80.17,96.62,103.18,112.06
2025-07-20,3,강북구,5,도서/문구,49,43.0,52.01,43.0,19,39.65,52.08,59.7,70.25
2025-07-20,25,중랑구,1,패션/잡화,178,174.0,187.44,174.0,19,163.35,182.03,181.94,198.56
2025-07-20,22,은평구,4,전자/가전,115,98.0,98.85,98.0,19,84.91,101.92,109.11,119.5
2025-07-20,18,송파구,5,도서/문구,181,194.0,189.07,194.0,19,165.74,188.5,195.12,201.89
2025-07-20,4,강서구,1,패션/잡화,368,369.0,362.4,369.0,19,342.89,368.09,380.16,386.99
2025-07-20,22,은평구,3,생활용품,273,273.0,267.62,273.0,19,247.37,270.65,285.02,286.56
2025-07-20,7,구로구,3,생활용품,247,245.0,242.09,245.0,19,217.09,243.69,260.47,265.56
2025-07-20,4,강서구,2,식품/신선,328,320.0,318.19,320.0,19,290.18,321.53,333.62,340.98
2025-07-20,22,은평구,2,식품/신선,199,215.0,209.04,215.0,19,188.78,208.0,220.26,232.19
2025-07-20,2,강동구,2,식품/신선,232,230.0,238.31,230.0,19,211.32,240.2,251.31,266.01
2025-07-20,19,양천구,1,패션/잡화,228,251.0,245.37,251.0,19,226.54,248.55,260.3,272.52
2025-07-20,7,구로구,2,식품/신선,183,182.0,198.06,182.0,19,178.38,195.24,200.56,210.13
2025-07-20,4,강서구,3,생활용품,397,400.0,403.07,400.0,19,368.35,404.49,419.57,429.94
2025-07-20,22,은평구,1,패션/잡화,241,243.0,233.87,243.0,19,210.78,242.11,238.42,258.97
2025-07-20,3,강북구,2,식품/신선,123,122.0,111.27,122.0,19,93.24,109.91,118.65,130.58
2025-07-20,2,강동구,1,패션/잡화,232,267.0,268.5,267.0,19,246.62,269.88,284.54,291.28
2025-07-20,19,양천구,3,생활용품,278,246.0,258.96,246.0,19,235.11,260.16,270.66,281.58
2025-07-20,10,도봉구,4,전자/가전,59,67.0,66.27,67.0,19,52.18,64.4,69.71,80.28
2025-07-20,25,중랑구,5,도서/문구,63,69.0,69.75,69.0,19,57.85,71.49,79.26,86.89
2025-07-20,10,도봉구,3,생활용품,149,157.0,150.52,157.0,19,134.97,152.41,158.19,167.23
2025-07-20,9,노원구,2,식품/신선,216,243.0,233.75,243.0,19,209.59,241.32,247.75,259.27
2025-07-20,25,중랑구,3,생활용품,184,206.0,203.71,206.0,19,186.41,204.39,207.04,218.52
2025-07-20,11,동대문구,3,생활용품,213,205.0,204.62,205.0,19,183.14,203.52,211.37,219.08
2025-07-20,14,서대문구,4,전자/가전,68,69.0,75.63,69.0,19,62.86,75.29,84.05,94.78
2025-07-20,12,동작구,5,도서/문구,66,79.0,81.25,79.0,19,66.47,83.29,89.42,103.38
2025-07-20,17,성북구,1,패션/잡화,212,221.0,210.52,221.0,19,191.75,213.48,218.77,229.05
2025-07-20,10,도봉구,1,패션/잡화,129,115.0,122.24,115.0,19,102.85,119.31,127.95,145.05
2025-07-20,16,성동구,2,식품/신선,152,136.0,147.9,136.0,19,124.93,149.85,156.21,166.38
2025-07-20,1,강남구,3,생활용품,480,530.0,495.61,530.0,19,458.7,510.74,536.26,536.43
2025-07-20,12,동작구,2,식품/신선,172,182.0,194.77,182.0,19,175.01,190.79,197.39,209.94
2025-07-20,13,마포구,2,식품/신선,218,228.0,223.09,228.0,19,202.92,223.6,230.75,247.22
2025-07-20,25,중랑구,2,식품/신선,150,187.0,170.32,187.0,19,155.65,167.69,174.71,186.85
2025-07-20,12,동작구,4,전자/가전,77,126.0,104.36,126.0,19,90.45,102.47,107.89,115.82
2025-07-20,17,성북구,2,식품/신선,182,183.0,199.39,183.0,19,178.38,196.1,203.81,213.79
2025-07-20,9,노원구,1,패션/잡화,242,275.0,261.21,275.0,19,244.39,264.44,275.49,282.55
2025-07-20,9,노원구,5,도서/문구,98,98.0,97.8,98.0,19,82.54,99.7,107.83,114.17
2025-07-20,16,성동구,3,생활용품,204,192.0,200.2,192.0,19,178.26,197.46,206.06,209.44
2025-07-20,16,성동구,4,전자/가전,72,75.0,80.15,75.0,19,64.67,79.28,86.63,103.3
2025-07-20,15,서초구,1,패션/잡화,273,312.0,295.22,312.0,19,267.77,302.2,306.12,309.31
2025-07-20,9,노원구,4,전자/가전,113,117.0,123.12,117.0,19,102.83,119.09,128.66,146.06
2025-07-20,14,서대문구,1,패션/잡화,146,141.0,150.17,141.0,19,128.66,155.2,159.41,168.44
2025-07-20,12,동작구,1,패션/잡화,198,192.0,203.8,192.0,19,183.26,205.78,210.77,221.93
2025-07-20,1,강남구,2,식품/신선,394,354.0,392.95,354.0,19,346.49,390.05,405.01,407.59
2025-07-20,25,중랑구,4,전자/가전,93,78.0,88.81,78.0,19,71.64,87.63,94.27,107.39
2025-07-20,15,서초구,4,전자/가전,153,151.0,132.72,151.0,19,118.84,129.71,141.59,153.3
2025-07-20,10,도봉구,5,도서/문구,42,62.0,52.01,62.0,19,40.51,52.27,59.81,72.11
2025-07-20,13,마포구,5,도서/문구,83,86.0,99.14,86.0,19,82.51,98.77,107.45,113.25
2025-07-20,11,동대문구,5,도서/문구,72,70.0,68.63,70.0,19,57.87,68.89,74.73,86.39
2025-07-20,1,강남구,1,패션/잡화,429,407.0,432.2,407.0,19,394.16,435.15,446.98,461.62
2025-07-20,13,마포구,3,생활용품,276,262.0,274.06,262.0,19,247.33,273.3,288.44,292.88
2025-07-20,14,서대문구,3,생활용품,188,199.0,199.53,199.0,19,179.38,198.71,206.06,212.02
2025-07-20,11,동대문구,4,전자/가전,69,94.0,86.21,94.0,19,74.29,83.83,91.16,104.42
2025-07-20,13,마포구,1,패션/잡화,232,249.0,261.16,249.0,19,239.41,265.55,273.67,282.3
2025-07-20,12,동작구,3,생활용품,225,249.0,242.09,249.0,19,216.48,242.92,256.49,266.11
2025-07-20,13,마포구,4,전자/가전,105,107.0,121.15,107.0,19,100.99,115.77,124.12,137.06
2025-07-20,11,동대문구,1,패션/잡화,178,185.0,188.75,185.0,19,165.52,181.69,195.12,204.05
2025-07-20,10,도봉구,2,식품/신선,108,118.0,121.66,118.0,19,100.81,118.66,129.15,145.58
2025-07-20,14,서대문구,2,식품/신선,128,145.0,147.81,145.0,19,125.36,147.62,156.21,166.32
2025-07-20,17,성북구,3,생활용품,221,226.0,237.82,226.0,19,211.92,242.92,252.09,265.07
2025-07-20,8,금천구,5,도서/문구,32,51.0,44.63,51.0,19,32.13,44.37,54.93,64.17
2025-07-20,14,서대문구,5,도서/문구,45,72.0,66.57,72.0,19,54.4,65.88,71.71,82.85
2025-07-20,11,동대문구,2,식품/신선,181,137.0,150.63,137.0,19,128.66,155.98,160.11,170.43
2025-07-20,15,서초구,5,도서/문구,102,78.0,97.04,78.0,19,80.74,100.19,108.95,114.02
2025-07-20,15,서초구,2,식품/신선,207,220.0,247.81,220.0,19,217.75,249.59,260.81,266.01
2025-07-20,15,서초구,3,생활용품,326,285.0,307.28,285.0,19,277.27,311.15,317.63,312.92
2025-07-20,16,성동구,5,도서/문구,68,57.0,66.84,57.0,19,55.42,66.5,72.49,80.91
2025-07-20,16,성동구,1,패션/잡화,173,168.0,170.15,168.0,19,153.73,168.62,175.91,187.54
2025-07-20,9,노원구,3,생활용품,302,275.0,287.04,275.0,19,265.32,289.37,307.52,307.9
2025-07-21,23,종로구,1,패션/잡화,94,90.0,100.45,90.0,20,82.34,98.34,104.31,114.64
2025-07-21,5,관악구,1,패션/잡화,489,410.0,448.07,410.0,20,393.99,437.92,466.43,468.04
2025-07-21,7,구로구,3,생활용품,372,360.0,389.06,360.0,20,344.04,385.23,404.07,411.09
2025-07-21,21,용산구,3,생활용품,208,235.0,233.23,235.0,20,203.35,236.41,245.3,256.07
2025-07-21,23,종로구,2,식품/신선,85,100.0,100.64,100.0,20,82.41,98.35,103.47,114.47
2025-07-21,11,동대문구,2,식품/신선,252,241.0,258.18,241.0,20,229.25,258.46,268.65,285.56
2025-07-21,10,도봉구,4,전자/가전,99,88.0,98.06,88.0,20,81.32,96.71,103.47,114.13
2025-07-21,9,노원구,4,전자/가전,191,197.0,198.38,197.0,20,170.04,199.22,210.27,219.5
2025-07-21,18,송파구,4,전자/가전,347,306.0,332.58,306.0,20,307.53,338.78,349.6,356.0
2025-07-21,25,중랑구,4,전자/가전,122,121.0,132.75,121.0,20,121.05,130.67,134.97,147.41
2025-07-21,20,영등포구,3,생활용품,437,428.0,437.47,428.0,20,376.74,432.64,454.65,455.38
2025-07-21,24,중구,4,전자/가전,45,34.0,49.06,34.0,20,36.85,45.69,49.78,60.78
2025-07-21,7,구로구,4,전자/가전,176,136.0,143.72,136.0,20,123.75,143.28,148.91,158.57
2025-07-21,7,구로구,5,도서/문구,106,121.0,128.26,121.0,20,115.08,129.18,133.33,144.4
2025-07-21,22,은평구,5,도서/문구,122,132.0,140.06,132.0,20,122.82,137.39,146.53,153.53
2025-07-21,13,마포구,4,전자/가전,189,191.0,197.32,191.0,20,162.76,195.41,206.36,216.7
2025-07-21,6,광진구,1,패션/잡화,313,317.0,307.59,317.0,20,278.93,307.86,313.56,321.23
2025-07-21,18,송파구,5,도서/문구,310,269.0,277.39,269.0,20,252.64,275.79,295.34,304.13
2025-07-21,14,서대문구,5,도서/문구,86,84.0,97.74,84.0,20,80.73,95.86,103.07,110.88
2025-07-21,16,성동구,5,도서/문구,102,102.0,100.45,102.0,20,82.74,100.49,104.3,114.64
2025-07-21,16,성동구,4,전자/가전,116,124.0,128.1,124.0,20,111.47,126.21,132.71,144.4
2025-07-21,13,마포구,5,도서/문구,172,141.0,150.94,141.0,20,130.59,154.36,162.17,165.91
2025-07-21,9,노원구,3,생활용품,439,469.0,467.89,469.0,20,411.74,466.06,484.03,491.75
2025-07-21,12,동작구,2,식품/신선,309,332.0,325.38,332.0,20,288.62,322.62,335.82,350.7
2025-07-21,25,중랑구,1,패션/잡화,274,259.0,262.62,259.0,20,242.23,271.3,279.61,290.95
2025-07-21,3,강북구,3,생활용품,231,213.0,209.02,213.0,20,187.42,212.88,223.77,231.23
2025-07-21,1,강남구,3,생활용품,789,721.0,774.13,721.0,20,631.85,755.37,779.9,803.66
2025-07-21,3,강북구,4,전자/가전,104,78.0,96.57,78.0,20,77.22,91.66,98.83,108.29
2025-07-21,25,중랑구,2,식품/신선,249,246.0,261.03,246.0,20,231.46,270.66,269.34,289.14
2025-07-21,16,성동구,3,생활용품,293,311.0,310.66,311.0,20,283.17,309.52,313.53,324.62
2025-07-21,12,동작구,1,패션/잡화,320,320.0,328.09,320.0,20,295.05,323.45,335.34,351.66
2025-07-21,14,서대문구,2,식품/신선,243,238.0,237.07,238.0,20,208.04,236.38,254.66,264.12
2025-07-21,24,중구,5,도서/문구,31,21.0,48.53,21.0,20,36.56,45.69,48.87,58.98
2025-07-21,6,광진구,5,도서/문구,112,95.0,108.8,95.0,20,95.48,105.38,109.43,120.97
2025-07-21,4,강서구,2,식품/신선,569,562.0,537.82,562.0,20,469.83,530.56,562.75,574.65
2025-07-21,11,동대문구,3,생활용품,305,311.0,327.5,311.0,20,291.09,323.02,335.12,350.74
2025-07-21,16,성동구,1,패션/잡화,272,281.0,270.28,281.0,20,241.16,269.79,285.28,297.85
2025-07-21,19,양천구,4,전자/가전,168,161.0,171.62,161.0,20,148.9,166.44,181.81,189.43
2025-07-21,2,강동구,2,식품/신선,386,396.0,404.43,396.0,20,352.76,408.36,425.99,433.48
2025-07-21,20,영등포구,1,패션/잡화,381,388.0,405.29,388.0,20,350.0,397.66,419.76,433.44
2025-07-21,11,동대문구,5,도서/문구,101,110.0,109.21,110.0,20,94.82,107.54,110.27,120.86
2025-07-21,22,은평구,2,식품/신선,347,360.0,384.88,360.0,20,336.05,383.62,401.96,406.0
2025-07-21,4,강서구,3,생활용품,659,598.0,670.9,598.0,20,568.99,647.57,680.28,702.26
2025-07-21,15,서초구,5,도서/문구,196,154.0,152.11,154.0,20,137.6,157.4,162.82,165.91
2025-07-21,6,광진구,4,전자/가전,121,126.0,140.34,126.0,20,122.7,137.39,147.18,155.58
2025-07-21,10,도봉구,2,식품/신선,209,219.0,203.96,219.0,20,168.14,203.76,214.51,224.6
2025-07-21,6,광진구,3,생활용품,341,324.0,325.74,324.0,20,296.56,327.43,334.36,351.66
2025-07-21,19,양천구,5,도서/문구,146,124.0,133.23,124.0,20,121.18,135.04,138.13,147.47
2025-07-21,22,은평구,1,패션/잡화,362,348.0,365.55,348.0,20,327.63,366.08,371.51,383.15
2025-07-21,11,동대문구,4,전자/가전,125,102.0,121.13,102.0,20,102.59,117.03,120.83,130.61
2025-07-21,14,서대문구,3,생활용품,292,265.0,278.12,265.0,20,254.49,274.28,287.2,298.59
2025-07-21,21,용산구,5,도서/문구,80,73.0,82.59,73.0,20,70.26,82.22,88.86,101.32
2025-07-21,1,강남구,5,도서/문구,238,234.0,247.09,234.0,20,218.06,250.91,264.63,274.71
2025-07-21,10,도봉구,3,생활용품,215,228.0,244.61,228.0,20,212.41,243.76,258.68,268.01
2025-07-21,22,은평구,3,생활용품,425,384.0,415.69,384.0,20,354.02,408.11,436.95,438.17
2025-07-21,15,서초구,4,전자/가전,191,178.0,193.7,178.0,20,172.75,189.55,206.35,209.77
2025-07-21,19,양천구,1,패션/잡화,365,377.0,397.11,377.0,20,348.94,395.59,419.45,422.37
2025-07-21,3,강북구,5,도서/문구,70,62.0,80.65,62.0,20,66.58,76.7,80.98,89.72
2025-07-21,21,용산구,4,전자/가전,97,85.0,100.16,85.0,20,82.69,99.12,104.19,114.64
2025-07-21,24,중구,3,생활용품,88,95.0,110.65,95.0,20,95.67,108.65,112.77,121.57
2025-07-21,7,구로구,2,식품/신선,316,296.0,315.13,296.0,20,285.61,321.59,326.19,339.03
2025-07-21,18,송파구,3,생활용품,890,824.0,852.53,824.0,20,651.9,834.79,848.32,884.47
2025-07-21,9,노원구,5,도서/문구,143,162.0,156.52,162.0,20,137.86,160.38,167.58,174.0
2025-07-21,20,영등포구,2,식품/신선,371,388.0,386.58,388.0,20,336.69,384.27,403.52,412.25
2025-07-21,22,은평구,4,전자/가전,154,160.0,157.46,160.0,20,139.02,160.38,167.94,180.11
2025-07-21,14,서대문구,1,패션/잡화,235,251.0,253.51,251.0,20,227.09,257.5,267.66,288.85
2025-07-21,19,양천구,2,식품/신선,337,343.0,357.78,343.0,20,318.66,354.74,368.43,372.19
2025-07-21,4,강서구,1,패션/잡화,577,561.0,602.49,561.0,20,510.29,579.32,609.79,635.29
2025-07-21,6,광진구,2,식품/신선,287,295.0,288.73,295.0,20,251.27,289.62,304.8,312.05
2025-07-21,7,구로구,1,패션/잡화,324,296.0,325.82,296.0,20,295.05,323.45,331.87,347.2
2025-07-21,4,강서구,5,도서/문구,205,229.0,236.35,229.0,20,201.49,231.4,246.12,254.0
2025-07-21,16,성동구,2,식품/신선,262,238.0,242.66,238.0,20,218.87,244.0,263.35,274.81
2025-07-21,14,서대문구,4,전자/가전,110,92.0,112.95,92.0,20,98.8,110.54,113.3,121.91
2025-07-21,10,도봉구,1,패션/잡화,186,189.0,198.22,189.0,20,170.22,198.27,207.83,217.15
2025-07-21,25,중랑구,3,생활용품,335,295.0,315.07,295.0,20,286.46,313.55,318.38,325.09
2025-07-21,19,양천구,3,생활용품,423,408.0,419.62,408.0,20,361.89,413.4,439.69,438.33
2025-07-21,1,강남구,1,패션/잡화,726,686.0,728.48,686.0,20,616.52,706.03,741.15,761.37
2025-07-21,12,동작구,3,생활용품,369,388.0,389.06,388.0,20,348.55,385.23,404.07,411.09
2025-07-21,4,강서구,4,전자/가전,285,272.0,269.06,272.0,20,241.49,270.73,284.64,293.15
2025-07-21,24,중구,1,패션/잡화,87,83.0,95.0,83.0,20,76.95,90.64,95.17,106.74
2025-07-21,17,성북구,4,전자/가전,153,159.0,153.5,159.0,20,137.86,160.38,167.58,172.41
2025-07-21,23,종로구,5,도서/문구,42,33.0,48.53,33.0,20,36.56,45.69,48.87,58.98
2025-07-21,12,동작구,4,전자/가전,156,136.0,144.8,136.0,20,126.12,143.54,151.24,160.61
2025-07-21,2,강동구,3,생활용품,462,436.0,451.93,436.0,20,405.1,448.69,471.24,479.0
2025-07-21,24,중구,2,식품/신선,99,80.0,88.53,80.0,20,74.89,85.89,91.76,103.31
2025-07-21,10,도봉구,5,도서/문구,69,82.0,89.83,82.0,20,75.44,85.39,92.24,102.4
2025-07-21,18,송파구,1,패션/잡화,776,726.0,773.65,726.0,20,632.03,754.8,779.42,803.66
2025-07-21,15,서초구,1,패션/잡화,430,417.0,445.44,417.0,20,393.97,433.19,466.43,468.18
2025-07-21,18,송파구,2,식품/신선,727,722.0,764.84,722.0,20,629.97,749.11,779.9,797.9
2025-07-21,9,노원구,2,식품/신선,410,367.0,388.97,367.0,20,339.0,385.23,404.38,407.37
2025-07-21,17,성북구,1,패션/잡화,324,332.0,350.91,332.0,20,309.53,343.8,352.98,369.87
2025-07-21,8,금천구,5,도서/문구,59,54.0,68.27,54.0,20,55.62,62.79,68.11,75.8
2025-07-21,17,성북구,5,도서/문구,122,123.0,132.75,123.0,20,116.29,129.68,134.69,145.74
2025-07-21,2,강동구,1,패션/잡화,407,388.0,419.55,388.0,20,361.89,413.45,438.22,439.52
2025-07-21,25,중랑구,5,도서/문구,115,97.0,108.98,97.0,20,95.1,105.62,111.99,121.57
2025-07-21,23,종로구,4,전자/가전,43,47.0,53.92,47.0,20,41.51,49.39,54.44,64.05
2025-07-21,12,동작구,5,도서/문구,120,108.0,124.83,108.0,20,104.7,120.79,128.84,139.57
2025-07-21,9,노원구,1,패션/잡화,400,358.0,400.69,358.0,20,348.98,388.47,412.26,417.63
2025-07-21,2,강동구,4,전자/가전,201,195.0,204.15,195.0,20,172.69,205.0,216.91,224.6
2025-07-21,1,강남구,4,전자/가전,321,297.0,317.65,297.0,20,289.66,317.61,324.66,339.03
2025-07-21,8,금천구,3,생활용품,182,164.0,181.75,164.0,20,154.15,178.93,186.41,196.14
2025-07-21,21,용산구,2,식품/신선,202,194.0,196.77,194.0,20,161.13,196.42,206.32,212.17
2025-07-21,20,영등포구,5,도서/문구,137,147.0,150.14,147.0,20,137.6,153.54,157.67,165.59
2025-07-21,3,강북구,1,패션/잡화,182,176.0,189.97,176.0,20,163.66,187.45,196.4,203.19
2025-07-21,1,강남구,2,식품/신선,658,669.0,670.9,669.0,20,571.69,657.6,704.61,716.21
2025-07-21,20,영등포구,4,전자/가전,165,193.0,194.03,193.0,20,161.06,191.4,200.8,209.05
2025-07-21,13,마포구,3,생활용품,445,418.0,438.67,418.0,20,385.71,432.18,453.12,461.94
2025-07-21,17,성북구,3,생활용품,386,375.0,390.77,375.0,20,348.02,389.94,406.11,416.85
2025-07-21,17,성북구,2,식품/신선,296,322.0,324.94,322.0,20,292.84,322.62,335.37,349.78
2025-07-21,5,관악구,3,생활용품,516,506.0,514.83,506.0,20,431.68,507.54,526.21,547.02
2025-07-21,13,마포구,1,패션/잡화,418,376.0,411.78,376.0,20,350.43,404.98,425.91,434.22
2025-07-21,5,관악구,2,식품/신선,434,446.0,440.72,446.0,20,393.82,433.82,468.74,467.13
2025-07-21,2,강동구,5,도서/문구,182,163.0,159.25,163.0,20,141.71,163.46,176.61,181.56
2025-07-21,8,금천구,2,식품/신선,145,146.0,146.4,146.0,20,127.12,152.92,155.42,163.24
2025-07-21,3,강북구,2,식품/신선,197,188.0,192.15,188.0,20,158.42,190.2,202.73,211.72
2025-07-21,21,용산구,1,패션/잡화,218,192.0,206.32,192.0,20,184.22,210.18,216.27,225.7
2025-07-21,5,관악구,5,도서/문구,193,188.0,191.56,188.0,20,157.15,185.66,200.77,209.32
2025-07-21,8,금천구,4,전자/가전,65,67.0,84.62,67.0,20,70.24,83.65,89.16,99.74
2025-07-21,15,서초구,2,식품/신선,415,396.0,416.2,396.0,20,356.27,405.47,435.3,434.13
2025-07-21,11,동대문구,1,패션/잡화,266,300.0,282.28,300.0,20,251.55,287.3,302.49,310.21
2025-07-21,13,마포구,2,식품/신선,398,391.0,388.8,391.0,20,344.11,384.63,404.56,412.25
2025-07-21,8,금천구,1,패션/잡화,148,160.0,161.36,160.0,20,137.5,159.62,168.26,177.27
2025-07-21,5,관악구,4,전자/가전,222,210.0,218.73,210.0,20,197.87,218.66,227.26,238.41
2025-07-21,15,서초구,3,생활용품,507,490.0,486.23,490.0,20,420.83,480.25,498.69,527.09
2025-07-21,23,종로구,3,생활용품,116,117.0,122.25,117.0,20,101.21,117.78,121.93,135.77
2025-07-22,6,광진구,2,식품/신선,268,252.0,266.56,252.0,21,240.13,268.27,281.45,290.71
2025-07-22,7,구로구,1,패션/잡화,286,327.0,323.99,327.0,21,290.55,320.11,331.73,353.45
2025-07-22,10,도봉구,3,생활용품,204,235.0,234.39,235.0,21,202.96,229.65,244.87,256.07
2025-07-22,19,양천구,3,생활용품,367,348.0,393.79,348.0,21,346.44,382.42,411.07,415.11
2025-07-22,8,금천구,3,생활용품,171,174.0,171.37,174.0,21,155.74,170.24,180.25,189.49
2025-07-22,17,성북구,2,식품/신선,304,303.0,307.98,303.0,21,277.53,306.43,317.0,325.84
2025-07-22,22,은평구,3,생활용품,387,388.0,393.79,388.0,21,350.95,383.25,411.07,418.41
2025-07-22,14,서대문구,1,패션/잡화,214,286.0,261.09,286.0,21,233.99,264.48,275.55,294.35
2025-07-22,5,관악구,3,생활용품,478,486.0,480.78,486.0,21,433.87,484.27,503.61,520.77
2025-07-22,5,관악구,4,전자/가전,211,193.0,211.85,193.0,21,184.8,210.95,218.72,229.28
2025-07-22,10,도봉구,1,패션/잡화,196,193.0,196.71,193.0,21,169.19,192.56,205.88,211.41
2025-07-22,19,양천구,2,식품/신선,323,316.0,333.58,316.0,21,304.37,333.34,348.29,362.34
2025-07-22,15,서초구,1,패션/잡화,392,416.0,421.13,416.0,21,382.85,412.97,444.07,449.42
2025-07-22,23,종로구,5,도서/문구,36,34.0,43.98,34.0,21,34.02,42.95,47.0,56.71
2025-07-22,4,강서구,1,패션/잡화,522,567.0,593.03,567.0,21,519.42,576.41,603.61,643.87
2025-07-22,16,성동구,2,식품/신선,238,225.0,236.72,225.0,21,206.07,235.4,244.87,265.55
2025-07-22,1,강남구,1,패션/잡화,567,710.0,693.63,710.0,21,619.93,692.93,713.35,753.56
2025-07-22,4,강서구,5,도서/문구,189,214.0,217.05,214.0,21,187.52,216.43,222.01,237.83
2025-07-22,17,성북구,5,도서/문구,117,114.0,120.37,114.0,21,105.59,119.6,126.32,137.6
2025-07-22,12,동작구,5,도서/문구,108,115.0,119.9,115.0,21,102.63,119.54,124.29,131.09
2025-07-22,14,서대문구,4,전자/가전,99,104.0,107.49,104.0,21,92.89,106.95,110.69,120.01
2025-07-22,9,노원구,1,패션/잡화,340,415.0,399.97,415.0,21,349.45,396.59,423.05,437.46
2025-07-22,11,동대문구,5,도서/문구,104,93.0,98.94,93.0,21,83.54,100.94,105.43,116.17
2025-07-22,21,용산구,5,도서/문구,83,98.0,85.87,98.0,21,72.45,85.64,93.37,105.27
2025-07-22,4,강서구,3,생활용품,581,629.0,643.41,629.0,21,584.55,636.17,673.92,695.6
2025-07-22,17,성북구,3,생활용품,326,353.0,362.18,353.0,21,329.83,363.72,375.13,386.84
2025-07-22,6,광진구,4,전자/가전,94,127.0,132.28,127.0,21,115.66,128.97,136.65,145.81
2025-07-22,21,용산구,1,패션/잡화,202,216.0,204.37,216.0,21,177.52,203.58,214.75,226.0
2025-07-22,15,서초구,5,도서/문구,121,136.0,143.48,136.0,21,123.13,142.27,150.66,154.99
2025-07-22,8,금천구,4,전자/가전,59,68.0,76.24,68.0,21,66.13,77.37,81.56,89.18
2025-07-22,8,금천구,5,도서/문구,50,57.0,57.06,57.0,21,47.29,57.54,66.14,72.62
2025-07-22,10,도봉구,2,식품/신선,162,178.0,188.78,178.0,21,159.85,187.19,192.93,208.07
2025-07-22,11,동대문구,4,전자/가전,120,118.0,115.18,118.0,21,98.82,114.12,120.64,128.31
2025-07-22,22,은평구,1,패션/잡화,327,334.0,348.9,334.0,21,316.23,346.05,360.01,376.14
2025-07-22,2,강동구,1,패션/잡화,403,382.0,404.76,382.0,21,352.19,392.96,425.15,440.76
2025-07-22,19,양천구,5,도서/문구,145,121.0,128.06,121.0,21,114.77,126.97,134.61,145.68
2025-07-22,4,강서구,4,전자/가전,239,264.0,264.72,264.0,21,240.22,267.49,277.07,294.35
2025-07-22,13,마포구,1,패션/잡화,356,376.0,391.27,376.0,21,350.34,382.23,408.32,415.11
2025-07-22,2,강동구,3,생활용품,417,454.0,445.09,454.0,21,409.62,445.03,474.65,479.91
2025-07-22,6,광진구,3,생활용품,293,305.0,310.08,305.0,21,282.52,308.84,320.23,329.38
2025-07-22,15,서초구,2,식품/신선,402,429.0,415.7,429.0,21,370.31,406.05,438.9,444.87
2025-07-22,22,은평구,2,식품/신선,313,363.0,357.61,363.0,21,322.76,363.36,371.37,380.34
2025-07-22,20,영등포구,1,패션/잡화,334,370.0,379.3,370.0,21,336.72,372.46,393.44,395.8
2025-07-22,20,영등포구,5,도서/문구,119,139.0,141.46,139.0,21,123.13,140.66,148.56,154.67
2025-07-22,1,강남구,5,도서/문구,226,246.0,246.65,246.0,21,216.76,247.72,262.67,272.25
2025-07-22,2,강동구,4,전자/가전,161,163.0,182.84,163.0,21,162.72,184.02,190.43,202.11
2025-07-22,25,중랑구,2,식품/신선,262,257.0,262.15,257.0,21,234.95,259.99,272.14,290.35
2025-07-22,6,광진구,5,도서/문구,98,81.0,99.88,81.0,21,83.54,100.54,108.15,115.93
2025-07-22,14,서대문구,2,식품/신선,194,259.0,248.95,259.0,21,216.53,245.62,266.19,283.03
2025-07-22,24,중구,1,패션/잡화,82,81.0,89.35,81.0,21,74.51,87.09,92.08,103.35
2025-07-22,17,성북구,4,전자/가전,142,150.0,144.84,150.0,21,122.91,144.42,154.42,160.94
2025-07-22,4,강서구,2,식품/신선,499,553.0,545.02,553.0,21,480.71,547.9,561.6,595.46
2025-07-22,16,성동구,1,패션/잡화,245,275.0,269.14,275.0,21,238.71,266.16,284.9,299.05
2025-07-22,11,동대문구,3,생활용품,263,267.0,296.36,267.0,21,259.69,297.36,308.85,315.53
2025-07-22,10,도봉구,5,도서/문구,66,64.0,76.24,64.0,21,67.56,77.45,81.76,89.26
2025-07-22,24,중구,2,식품/신선,79,74.0,83.9,74.0,21,70.34,84.8,89.81,102.34
2025-07-22,2,강동구,2,식품/신선,358,435.0,402.72,435.0,21,352.35,397.54,433.39,438.11
2025-07-22,25,중랑구,3,생활용품,266,323.0,312.94,323.0,21,286.98,313.51,315.88,328.26
2025-07-22,19,양천구,4,전자/가전,133,169.0,168.36,169.0,21,154.18,166.48,178.35,186.51
2025-07-22,24,중구,5,도서/문구,20,26.0,43.66,26.0,21,33.8,42.95,47.0,56.71
2025-07-22,22,은평구,4,전자/가전,136,148.0,147.14,148.0,21,127.29,151.83,156.56,167.18
2025-07-22,10,도봉구,4,전자/가전,80,94.0,94.76,94.0,21,78.04,95.21,101.43,112.93
2025-07-22,15,서초구,4,전자/가전,185,182.0,191.48,182.0,21,165.46,187.45,204.4,209.36
2025-07-22,23,종로구,1,패션/잡화,86,98.0,97.14,98.0,21,79.05,97.6,103.13,114.38
2025-07-22,25,중랑구,1,패션/잡화,242,268.0,266.89,268.0,21,240.88,266.22,281.75,295.05
2025-07-22,14,서대문구,3,생활용품,256,269.0,272.84,269.0,21,244.38,271.87,288.89,295.29
2025-07-22,7,구로구,4,전자/가전,135,128.0,132.55,128.0,21,120.54,137.58,142.72,149.55
2025-07-22,20,영등포구,4,전자/가전,147,151.0,167.03,151.0,21,144.7,167.59,175.09,185.47
2025-07-22,18,송파구,2,식품/신선,688,721.0,708.95,721.0,21,629.17,706.26,729.79,769.09
2025-07-22,17,성북구,1,패션/잡화,305,298.0,331.66,298.0,21,294.96,322.58,338.08,360.02
2025-07-22,12,동작구,2,식품/신선,286,301.0,310.26,301.0,21,278.26,307.48,319.83,325.99
2025-07-22,8,금천구,1,패션/잡화,122,145.0,142.08,145.0,21,122.76,140.66,149.19,160.36
2025-07-22,21,용산구,2,식품/신선,172,195.0,197.19,195.0,21,168.69,197.66,207.47,218.84
2025-07-22,11,동대문구,2,식품/신선,252,257.0,257.34,257.0,21,230.06,259.84,271.82,287.68
2025-07-22,16,성동구,4,전자/가전,106,124.0,122.13,124.0,21,103.31,118.96,126.5,137.43
2025-07-22,1,강남구,4,전자/가전,295,312.0,311.02,312.0,21,282.85,308.27,320.27,329.38
2025-07-22,18,송파구,5,도서/문구,257,304.0,291.69,304.0,21,262.52,294.34,308.6,317.9
2025-07-22,3,강북구,1,패션/잡화,176,184.0,187.76,184.0,21,162.2,185.84,202.93,209.11
2025-07-22,20,영등포구,3,생활용품,389,403.0,416.38,403.0,21,368.31,412.9,442.01,441.89
2025-07-22,3,강북구,4,전자/가전,69,94.0,93.26,94.0,21,76.65,92.43,99.96,108.39
2025-07-22,18,송파구,4,전자/가전,292,319.0,333.0,319.0,21,304.17,332.85,345.99,355.77
2025-07-22,21,용산구,3,생활용품,249,218.0,214.58,218.0,21,189.9,216.26,221.19,237.83
2025-07-22,12,동작구,3,생활용품,318,381.0,383.3,381.0,21,345.16,377.42,403.0,415.0
2025-07-22,18,송파구,3,생활용품,765,782.0,785.38,782.0,21,662.8,774.86,801.74,833.87
2025-07-22,24,중구,4,전자/가전,27,34.0,44.84,34.0,21,35.42,43.74,48.27,57.39
2025-07-22,23,종로구,2,식품/신선,100,85.0,94.62,85.0,21,76.63,92.59,99.9,109.26
2025-07-22,5,관악구,5,도서/문구,183,191.0,186.34,191.0,21,160.04,183.7,190.46,199.68
2025-07-22,7,구로구,5,도서/문구,130,125.0,123.96,125.0,21,107.45,122.94,131.03,140.9
2025-07-22,3,강북구,2,식품/신선,180,192.0,191.22,192.0,21,163.49,188.1,200.78,210.96
2025-07-22,13,마포구,4,전자/가전,163,176.0,182.41,176.0,21,159.75,181.24,185.78,193.14
2025-07-22,14,서대문구,5,도서/문구,79,103.0,95.05,103.0,21,78.17,96.15,103.12,113.43
2025-07-22,16,성동구,5,도서/문구,78,95.0,95.05,95.0,21,78.17,96.34,103.42,113.43
2025-07-22,23,종로구,3,생활용품,85,98.0,100.67,98.0,21,85.97,103.34,108.23,116.78
2025-07-22,3,강북구,3,생활용품,210,192.0,204.21,192.0,21,174.22,202.13,214.79,226.28
2025-07-22,15,서초구,3,생활용품,418,462.0,467.33,462.0,21,425.17,461.61,485.48,493.3
2025-07-22,9,노원구,2,식품/신선,377,351.0,363.78,351.0,21,332.57,369.86,375.13,390.87
2025-07-22,9,노원구,3,생활용품,397,431.0,440.35,431.0,21,395.82,432.48,467.8,468.9
2025-07-22,13,마포구,3,생활용품,393,405.0,417.96,405.0,21,377.28,414.02,443.16,441.89
2025-07-22,6,광진구,1,패션/잡화,270,305.0,300.42,305.0,21,266.35,297.74,309.35,321.97
2025-07-22,13,마포구,5,도서/문구,136,143.0,155.07,143.0,21,136.72,154.97,161.9,165.66
2025-07-22,21,용산구,4,전자/가전,69,117.0,103.81,117.0,21,87.4,104.11,105.52,117.27
2025-07-22,12,동작구,1,패션/잡화,283,322.0,318.82,322.0,21,289.44,320.11,322.11,340.9
2025-07-22,18,송파구,1,패션/잡화,695,759.0,761.98,759.0,21,652.17,748.69,784.65,808.72
2025-07-22,5,관악구,2,식품/신선,381,421.0,431.87,421.0,21,382.28,425.16,454.74,454.39
2025-07-22,8,금천구,2,식품/신선,131,147.0,137.02,147.0,21,120.06,138.61,147.07,154.4
2025-07-22,23,종로구,4,전자/가전,33,44.0,48.69,44.0,21,39.4,47.89,52.73,59.83
2025-07-22,13,마포구,2,식품/신선,367,355.0,364.22,355.0,21,325.92,363.94,374.32,390.11
2025-07-22,22,은평구,5,도서/문구,113,145.0,133.95,145.0,21,115.78,133.49,141.15,148.42
2025-07-22,25,중랑구,4,전자/가전,109,135.0,129.61,135.0,21,115.64,132.17,138.48,145.74
2025-07-22,19,양천구,1,패션/잡화,349,377.0,375.57,377.0,21,336.51,371.32,393.13,404.84
2025-07-22,5,관악구,1,패션/잡화,385,477.0,456.97,477.0,21,410.36,456.74,480.51,481.72
2025-07-22,16,성동구,3,생활용품,271,285.0,292.56,285.0,21,259.69,293.74,303.29,311.66
2025-07-22,1,강남구,2,식품/신선,581,615.0,627.56,615.0,21,560.9,608.79,658.61,675.55
2025-07-22,25,중랑구,5,도서/문구,75,100.0,100.06,100.0,21,83.52,101.21,108.48,115.93
2025-07-22,24,중구,3,생활용품,89,119.0,109.8,119.0,21,94.23,108.4,112.47,120.56
2025-07-22,3,강북구,5,도서/문구,62,62.0,73.7,62.0,21,62.34,72.74,77.04,86.23
2025-07-22,7,구로구,2,식품/신선,281,330.0,319.87,330.0,21,285.6,318.14,329.84,351.44
2025-07-22,9,노원구,4,전자/가전,147,197.0,191.28,197.0,21,166.63,190.33,202.27,211.41
2025-07-22,11,동대문구,1,패션/잡화,236,262.0,267.81,262.0,21,240.13,267.77,286.37,295.83
2025-07-22,1,강남구,3,생활용품,711,743.0,762.47,743.0,21,652.17,749.26,785.13,808.72
2025-07-22,9,노원구,5,도서/문구,130,144.0,143.37,144.0,21,122.91,141.96,150.52,157.81
2025-07-22,7,구로구,3,생활용품,324,367.0,360.96,367.0,21,329.83,363.72,374.82,391.03
2025-07-22,12,동작구,4,전자/가전,177,139.0,137.78,139.0,21,122.91,139.41,148.27,154.99
2025-07-22,20,영등포구,2,식품/신선,313,348.0,361.94,348.0,21,325.06,363.59,371.2,381.79
2025-07-22,2,강동구,5,도서/문구,132,160.0,161.18,160.0,21,137.31,158.14,168.93,180.17
2025-07-23,20,영등포구,2,식품/신선,279,315.0,327.02,315.0,22,299.02,324.59,340.47,355.97
2025-07-23,10,도봉구,3,생활용품,181,206.0,211.22,206.0,22,188.95,211.29,218.79,232.05
2025-07-23,15,서초구,3,생활용품,414,410.0,419.73,410.0,22,391.76,415.37,439.3,442.82
2025-07-23,4,강서구,5,도서/문구,174,184.0,203.59,184.0,22,178.52,205.3,209.59,221.67
2025-07-23,6,광진구,1,패션/잡화,244,257.0,272.06,257.0,22,245.47,271.98,284.51,289.71
2025-07-23,21,용산구,4,전자/가전,74,67.0,79.94,67.0,22,69.37,84.22,90.22,101.66
2025-07-23,6,광진구,3,생활용품,256,265.0,276.47,265.0,22,250.57,274.07,287.86,300.96
2025-07-23,5,관악구,5,도서/문구,138,133.0,143.54,133.0,22,127.17,147.2,157.6,169.83
2025-07-23,24,중구,4,전자/가전,34,32.0,41.29,32.0,22,30.9,41.22,45.54,57.11
2025-07-23,5,관악구,1,패션/잡화,388,373.0,411.46,373.0,22,364.33,407.13,434.7,438.52
2025-07-23,5,관악구,4,전자/가전,185,190.0,203.47,190.0,22,178.52,201.93,209.42,218.74
2025-07-23,2,강동구,1,패션/잡화,353,380.0,381.59,380.0,22,341.59,375.92,400.12,399.76
2025-07-23,15,서초구,5,도서/문구,133,116.0,130.51,116.0,22,116.37,131.07,138.19,144.92
2025-07-23,4,강서구,4,전자/가전,225,237.0,241.27,237.0,22,209.11,245.89,258.91,262.6
2025-07-23,20,영등포구,3,생활용품,351,350.0,370.56,350.0,22,339.89,373.71,384.49,393.89
2025-07-23,5,관악구,2,식품/신선,361,413.0,399.67,413.0,22,367.38,401.01,421.3,432.54
2025-07-23,11,동대문구,1,패션/잡화,249,237.0,237.12,237.0,22,208.78,245.82,245.53,262.84
2025-07-23,20,영등포구,5,도서/문구,115,124.0,128.45,124.0,22,115.37,128.19,135.14,144.6
2025-07-23,15,서초구,2,식품/신선,404,349.0,388.22,349.0,22,349.04,379.82,403.98,407.73
2025-07-23,21,용산구,1,패션/잡화,167,170.0,177.92,170.0,22,162.04,177.59,183.78,195.76
2025-07-23,11,동대문구,2,식품/신선,205,241.0,243.55,241.0,22,214.26,245.61,258.33,270.47
2025-07-23,15,서초구,4,전자/가전,166,172.0,161.84,172.0,22,149.46,167.05,179.02,188.98
2025-07-23,21,용산구,2,식품/신선,159,180.0,175.19,180.0,22,156.8,176.87,181.28,192.46
2025-07-23,20,영등포구,4,전자/가전,148,151.0,148.67,151.0,22,136.59,150.91,156.67,169.8
2025-07-23,10,도봉구,4,전자/가전,79,76.0,79.94,76.0,22,69.15,82.75,89.03,100.48
2025-07-23,15,서초구,1,패션/잡화,363,374.0,394.64,374.0,22,354.05,384.98,406.77,416.66
2025-07-23,11,동대문구,3,생활용품,284,290.0,273.88,290.0,22,249.04,273.47,287.86,299.79
2025-07-23,21,용산구,3,생활용품,184,195.0,206.36,195.0,22,178.15,206.95,213.25,224.68
2025-07-23,20,영등포구,1,패션/잡화,336,298.0,330.05,298.0,22,302.86,330.8,343.14,355.87
2025-07-23,10,도봉구,5,도서/문구,58,66.0,67.78,66.0,22,58.74,68.95,74.26,84.81
2025-07-23,1,강남구,2,식품/신선,584,607.0,595.69,607.0,22,539.3,596.87,630.16,643.84
2025-07-23,14,서대문구,4,전자/가전,91,94.0,92.83,94.0,22,79.69,97.11,103.06,110.85
2025-07-23,6,광진구,2,식품/신선,258,220.0,237.77,220.0,22,208.78,240.69,246.01,256.55
2025-07-23,21,용산구,5,도서/문구,59,72.0,72.17,72.0,22,62.98,74.33,78.93,88.91
2025-07-23,25,중랑구,4,전자/가전,113,106.0,109.05,106.0,22,97.16,110.28,120.85,127.93
2025-07-23,14,서대문구,5,도서/문구,77,76.0,85.34,76.0,22,72.0,86.64,91.8,102.8
2025-07-23,14,서대문구,1,패션/잡화,218,199.0,221.24,199.0,22,199.43,225.23,225.33,240.24
2025-07-23,5,관악구,3,생활용품,432,423.0,438.8,423.0,22,394.27,434.67,465.19,462.97
2025-07-23,25,중랑구,1,패션/잡화,230,254.0,250.66,254.0,22,224.17,252.29,262.66,273.64
2025-07-23,7,구로구,4,전자/가전,126,121.0,126.13,121.0,22,112.79,126.58,132.66,144.33
2025-07-23,12,동작구,2,식품/신선,264,296.0,302.42,296.0,22,271.48,297.38,306.03,313.6
2025-07-23,8,금천구,2,식품/신선,144,132.0,128.9,132.0,22,113.31,128.12,134.0,144.46
2025-07-23,13,마포구,5,도서/문구,142,91.0,125.63,91.0,22,104.77,125.46,132.5,142.71
2025-07-23,16,성동구,4,전자/가전,88,113.0,104.02,113.0,22,95.21,105.94,112.5,122.02
2025-07-23,18,송파구,5,도서/문구,259,253.0,269.77,253.0,22,242.9,268.96,285.75,289.38
2025-07-23,3,강북구,4,전자/가전,84,73.0,78.59,73.0,22,68.04,81.09,84.1,99.2
2025-07-23,2,강동구,5,도서/문구,114,129.0,137.42,129.0,22,120.13,138.18,149.32,156.79
2025-07-23,23,종로구,1,패션/잡화,74,76.0,84.35,76.0,22,70.39,86.66,91.33,101.68
2025-07-23,9,노원구,1,패션/잡화,334,329.0,354.26,329.0,22,321.7,352.99,371.94,373.85
2025-07-23,17,성북구,2,식품/신선,276,270.0,276.66,270.0,22,248.75,274.14,288.49,300.04
2025-07-23,9,노원구,4,전자/가전,181,155.0,147.43,155.0,22,138.8,155.69,162.38,175.22
2025-07-23,22,은평구,5,도서/문구,126,118.0,124.29,118.0,22,103.04,120.89,130.98,141.09
2025-07-23,17,성북구,5,도서/문구,100,118.0,110.32,118.0,22,97.82,111.79,117.73,126.2
2025-07-23,23,종로구,5,도서/문구,33,28.0,39.54,28.0,22,30.02,39.71,43.26,56.46
2025-07-23,12,동작구,1,패션/잡화,298,266.0,276.17,266.0,22,250.68,274.24,292.75,302.42
2025-07-23,16,성동구,3,생활용품,263,237.0,265.99,237.0,22,239.43,267.43,280.29,289.38
2025-07-23,18,송파구,2,식품/신선,660,621.0,647.36,621.0,22,591.75,640.68,665.57,691.35
2025-07-23,19,양천구,1,패션/잡화,354,334.0,334.12,334.0,22,310.25,337.26,349.97,355.87
2025-07-23,7,구로구,3,생활용품,322,312.0,328.7,312.0,22,302.65,329.13,342.01,355.87
2025-07-23,24,중구,5,도서/문구,29,20.0,39.23,20.0,22,29.91,39.71,43.26,56.46
2025-07-23,2,강동구,2,식품/신선,337,349.0,360.22,349.0,22,327.71,363.96,371.89,383.75
2025-07-23,18,송파구,4,전자/가전,329,316.0,319.32,316.0,22,291.52,324.07,324.39,337.74
2025-07-23,1,강남구,4,전자/가전,245,275.0,280.95,275.0,22,256.21,285.87,289.41,300.96
2025-07-23,3,강북구,1,패션/잡화,160,160.0,149.7,160.0,22,140.53,158.88,169.01,174.95
2025-07-23,17,성북구,1,패션/잡화,263,257.0,283.8,257.0,22,250.68,279.3,296.07,306.38
2025-07-23,13,마포구,3,생활용품,343,374.0,391.47,374.0,22,354.05,385.17,405.82,414.63
2025-07-23,9,노원구,2,식품/신선,326,354.0,345.09,354.0,22,316.94,343.03,355.44,370.01
2025-07-23,23,종로구,3,생활용품,106,103.0,95.7,103.0,22,81.06,97.95,101.73,111.66
2025-07-23,12,동작구,4,전자/가전,127,131.0,129.65,131.0,22,116.16,128.31,135.36,145.05
2025-07-23,3,강북구,2,식품/신선,163,166.0,159.97,166.0,22,143.13,164.52,172.6,185.21
2025-07-23,25,중랑구,5,도서/문구,84,99.0,93.28,99.0,22,79.21,95.85,103.4,111.66
2025-07-23,7,구로구,5,도서/문구,94,87.0,98.56,87.0,22,87.33,102.07,108.95,117.13
2025-07-23,12,동작구,3,생활용품,323,306.0,333.15,306.0,22,306.4,335.39,344.37,355.87
2025-07-23,23,종로구,4,전자/가전,37,44.0,43.45,44.0,22,34.26,44.09,49.6,57.11
2025-07-23,1,강남구,3,생활용품,638,642.0,669.77,642.0,22,604.39,662.56,687.03,721.35
2025-07-23,18,송파구,3,생활용품,687,688.0,745.34,688.0,22,662.8,722.65,762.1,787.69
2025-07-23,18,송파구,1,패션/잡화,616,658.0,669.29,658.0,22,602.92,661.98,686.55,718.85
2025-07-23,23,종로구,2,식품/신선,81,92.0,84.54,92.0,22,71.54,87.66,91.68,103.79
2025-07-23,13,마포구,4,전자/가전,145,149.0,148.67,149.0,22,138.44,155.61,160.7,172.24
2025-07-23,16,성동구,5,도서/문구,75,82.0,84.35,82.0,22,71.55,87.27,92.28,102.8
2025-07-23,3,강북구,3,생활용품,174,171.0,178.4,171.0,22,162.03,178.5,184.26,196.67
2025-07-23,13,마포구,2,식품/신선,336,328.0,339.33,328.0,22,312.7,337.22,351.63,364.94
2025-07-23,9,노원구,3,생활용품,389,398.0,404.82,398.0,22,369.96,412.01,425.32,434.58
2025-07-23,3,강북구,5,도서/문구,70,49.0,62.08,49.0,22,54.43,62.31,69.19,79.42
2025-07-23,25,중랑구,2,식품/신선,243,237.0,241.39,237.0,22,213.52,245.81,245.86,262.6
2025-07-23,8,금천구,1,패션/잡화,146,105.0,124.13,105.0,22,105.89,123.14,130.6,143.21
2025-07-23,24,중구,3,생활용품,93,94.0,93.6,94.0,22,79.78,96.83,102.7,111.51
2025-07-23,6,광진구,5,도서/문구,89,95.0,92.48,95.0,22,78.63,93.3,101.79,110.1
2025-07-23,4,강서구,2,식품/신선,439,469.0,470.57,469.0,22,428.95,469.26,484.66,495.8
2025-07-23,16,성동구,1,패션/잡화,227,218.0,236.15,218.0,22,208.12,235.82,245.31,256.55
2025-07-23,1,강남구,5,도서/문구,223,208.0,222.35,208.0,22,199.75,226.44,234.1,246.35
2025-07-23,7,구로구,2,식품/신선,253,276.0,280.2,276.0,22,251.75,285.75,294.02,302.42
2025-07-23,8,금천구,5,도서/문구,55,46.0,52.47,46.0,22,41.7,53.87,62.64,67.91
2025-07-23,24,중구,1,패션/잡화,76,59.0,72.38,59.0,22,62.66,71.46,75.77,87.0
2025-07-23,11,동대문구,5,도서/문구,88,85.0,89.19,85.0,22,77.58,89.72,96.04,106.23
2025-07-23,19,양천구,4,전자/가전,130,142.0,143.44,142.0,22,124.79,140.19,153.11,161.85
2025-07-23,22,은평구,2,식품/신선,282,331.0,329.63,331.0,22,302.39,329.2,345.95,355.97
2025-07-23,17,성북구,4,전자/가전,124,120.0,127.72,120.0,22,115.16,130.32,137.95,144.92
2025-07-23,10,도봉구,2,식품/신선,163,165.0,159.97,165.0,22,143.13,162.08,170.01,185.73
2025-07-23,14,서대문구,2,식품/신선,228,215.0,219.87,215.0,22,199.09,217.45,225.46,241.58
2025-07-23,17,성북구,3,생활용품,304,322.0,328.7,322.0,22,303.34,329.56,346.79,355.87
2025-07-23,8,금천구,4,전자/가전,57,51.0,65.96,51.0,22,56.92,64.01,72.78,81.06
2025-07-23,25,중랑구,3,생활용품,245,261.0,280.2,261.0,22,255.46,285.01,288.97,300.96
2025-07-23,13,마포구,1,패션/잡화,312,318.0,349.26,318.0,22,319.03,347.21,358.87,373.85
2025-07-23,4,강서구,3,생활용품,528,560.0,580.97,560.0,22,525.58,560.44,605.07,622.64
2025-07-23,6,광진구,4,전자/가전,92,121.0,118.33,121.0,22,101.01,115.95,123.93,134.86
2025-07-23,22,은평구,3,생활용품,364,351.0,356.9,351.0,22,328.61,362.21,372.41,379.19
2025-07-23,8,금천구,3,생활용품,169,158.0,146.59,158.0,22,128.35,152.77,157.53,168.45
2025-07-23,9,노원구,5,도서/문구,132,126.0,127.72,126.0,22,115.16,130.32,137.95,144.92
2025-07-23,22,은평구,4,전자/가전,117,151.0,133.76,151.0,22,119.92,137.2,145.51,155.79
2025-07-23,19,양천구,2,식품/신선,295,298.0,313.1,298.0,22,284.37,312.22,320.12,326.22
2025-07-23,12,동작구,5,도서/문구,85,105.0,98.56,105.0,22,85.77,103.43,108.95,118.08
2025-07-23,14,서대문구,3,생활용품,248,238.0,256.01,238.0,22,229.53,255.78,269.59,277.48
2025-07-23,24,중구,2,식품/신선,80,71.0,70.7,71.0,22,59.6,69.45,75.14,85.38
2025-07-23,19,양천구,5,도서/문구,130,112.0,109.05,112.0,22,96.9,110.19,119.9,128.24
2025-07-23,19,양천구,3,생활용품,333,309.0,336.97,309.0,22,306.71,338.38,348.68,360.05
2025-07-23,22,은평구,1,패션/잡화,320,294.0,315.64,294.0,22,285.92,318.12,328.39,326.22
2025-07-23,2,강동구,4,전자/가전,131,150.0,148.39,150.0,22,138.31,155.96,164.14,172.24
2025-07-23,4,강서구,1,패션/잡화,467,487.0,498.35,487.0,22,443.21,496.76,531.95,551.93
2025-07-23,2,강동구,3,생활용품,359,398.0,415.8,398.0,22,377.73,414.97,439.16,441.57
2025-07-23,7,구로구,1,패션/잡화,262,283.0,297.77,283.0,22,269.69,300.48,310.6,315.94
2025-07-23,16,성동구,2,식품/신선,202,223.0,214.53,223.0,22,189.35,218.33,222.09,238.87
2025-07-23,11,동대문구,4,전자/가전,124,103.0,98.4,103.0,22,83.96,102.08,108.33,118.08
2025-07-23,10,도봉구,1,패션/잡화,152,162.0,163.17,162.0,22,146.24,169.12,177.55,188.21
2025-07-23,1,강남구,1,패션/잡화,580,546.0,604.83,546.0,22,540.63,600.88,629.69,655.8
2025-07-24,12,동작구,4,전자/가전,113,107.0,124.04,107.0,23,106.25,121.6,129.35,138.59
2025-07-24,2,강동구,3,생활용품,362,379.0,401.09,379.0,23,358.52,395.58,415.71,423.02
2025-07-24,11,동대문구,1,패션/잡화,233,225.0,231.35,225.0,23,205.79,232.97,241.5,254.84
2025-07-24,2,강동구,5,도서/문구,119,151.0,136.16,151.0,23,119.92,136.01,147.76,159.13
2025-07-24,23,종로구,4,전자/가전,42,47.0,44.35,47.0,23,35.34,44.32,50.05,57.11
2025-07-24,24,중구,1,패션/잡화,73,74.0,77.77,74.0,23,65.14,78.35,83.22,97.85
2025-07-24,13,마포구,2,식품/신선,249,304.0,323.7,304.0,23,292.93,325.16,331.77,338.76
2025-07-24,12,동작구,5,도서/문구,109,78.0,95.82,78.0,23,81.89,98.11,106.75,114.66
2025-07-24,5,관악구,2,식품/신선,331,342.0,365.39,342.0,23,336.98,370.21,381.66,389.52
2025-07-24,21,용산구,1,패션/잡화,171,144.0,151.22,144.0,23,136.79,155.24,164.43,173.56
2025-07-24,15,서초구,1,패션/잡화,361,342.0,370.11,342.0,23,336.98,368.2,381.19,391.56
2025-07-24,2,강동구,4,전자/가전,159,186.0,170.91,186.0,23,154.3,171.36,182.3,185.61
2025-07-24,25,중랑구,5,도서/문구,77,75.0,92.44,75.0,23,77.44,93.09,98.13,107.42
2025-07-24,24,중구,2,식품/신선,54,66.0,70.02,66.0,23,59.53,69.45,75.1,83.51
2025-07-24,13,마포구,1,패션/잡화,310,370.0,353.9,370.0,23,322.39,351.89,367.07,373.92
2025-07-24,23,종로구,5,도서/문구,30,27.0,39.8,27.0,23,30.02,39.71,43.85,56.46
2025-07-24,14,서대문구,3,생활용품,232,226.0,246.88,226.0,23,217.86,248.65,260.68,274.07
2025-07-24,21,용산구,2,식품/신선,145,143.0,145.49,143.0,23,129.02,153.27,156.7,171.36
2025-07-24,21,용산구,4,전자/가전,76,65.0,78.78,65.0,23,67.56,81.58,89.4,100.99
2025-07-24,14,서대문구,1,패션/잡화,201,213.0,209.13,213.0,23,189.18,211.02,218.62,225.97
2025-07-24,2,강동구,1,패션/잡화,324,312.0,336.9,312.0,23,307.4,337.35,351.98,357.06
2025-07-24,24,중구,3,생활용품,66,87.0,93.24,87.0,23,78.23,92.69,97.79,106.72
2025-07-24,1,강남구,1,패션/잡화,539,610.0,608.08,610.0,23,545.06,602.59,633.38,656.45
2025-07-24,4,강서구,1,패션/잡화,453,481.0,467.75,481.0,23,431.62,464.16,491.26,499.51
2025-07-24,22,은평구,3,생활용품,336,367.0,356.02,367.0,23,327.4,352.79,368.63,375.06
2025-07-24,11,동대문구,5,도서/문구,102,75.0,86.83,75.0,23,75.26,89.63,95.22,106.23
2025-07-24,22,은평구,4,전자/가전,142,123.0,130.47,123.0,23,116.28,130.27,137.79,149.49
2025-07-24,4,강서구,2,식품/신선,421,399.0,421.99,399.0,23,393.93,422.62,441.81,446.71
2025-07-24,22,은평구,2,식품/신선,233,231.0,280.77,231.0,23,250.82,279.54,297.46,305.16
2025-07-24,25,중랑구,4,전자/가전,107,106.0,107.84,106.0,23,93.68,109.78,117.54,125.55
2025-07-24,14,서대문구,2,식품/신선,194,174.0,200.43,174.0,23,177.96,197.58,207.62,216.03
2025-07-24,11,동대문구,4,전자/가전,115,120.0,105.31,120.0,23,91.78,107.45,113.26,121.43
2025-07-24,21,용산구,5,도서/문구,50,75.0,69.53,75.0,23,60.19,70.64,76.22,85.29
2025-07-24,4,강서구,4,전자/가전,197,222.0,225.91,222.0,23,200.41,226.53,238.73,251.39
2025-07-24,4,강서구,3,생활용품,506,509.0,536.75,509.0,23,468.9,525.73,564.59,585.43
2025-07-24,22,은평구,1,패션/잡화,301,289.0,306.11,289.0,23,280.98,308.21,313.14,321.0
2025-07-24,11,동대문구,3,생활용품,194,250.0,267.67,250.0,23,243.49,271.62,284.77,289.03
2025-07-24,3,강북구,1,패션/잡화,156,157.0,152.68,157.0,23,138.72,158.01,165.85,175.46
2025-07-24,3,강북구,5,도서/문구,70,70.0,69.17,70.0,23,56.39,69.27,73.19,82.51
2025-07-24,4,강서구,5,도서/문구,166,190.0,203.73,190.0,23,173.64,202.57,209.89,214.16
2025-07-24,24,중구,4,전자/가전,36,28.0,41.92,28.0,23,31.34,41.22,46.43,57.11
2025-07-24,23,종로구,3,생활용품,105,100.0,95.96,100.0,23,80.93,96.9,101.39,111.4
2025-07-24,13,마포구,3,생활용품,388,358.0,366.94,358.0,23,343.71,369.79,381.36,389.52
2025-07-24,12,동작구,3,생활용품,293,321.0,327.27,321.0,23,300.32,323.73,336.33,352.36
2025-07-24,3,강북구,2,식품/신선,121,138.0,141.38,138.0,23,124.65,140.71,151.15,163.06
2025-07-24,14,서대문구,5,도서/문구,86,68.0,80.01,68.0,23,68.04,80.41,85.21,97.15
2025-07-24,23,종로구,2,식품/신선,61,71.0,80.2,71.0,23,68.96,81.96,89.29,100.99
2025-07-24,5,관악구,1,패션/잡화,363,373.0,401.71,373.0,23,361.27,399.52,415.34,433.25
2025-07-24,14,서대문구,4,전자/가전,87,103.0,95.32,103.0,23,81.57,98.14,102.39,112.0
2025-07-24,13,마포구,4,전자/가전,136,141.0,145.45,141.0,23,124.89,150.79,155.83,169.06
2025-07-24,2,강동구,2,식품/신선,289,306.0,330.39,306.0,23,304.82,331.83,345.09,355.91
2025-07-24,12,동작구,2,식품/신선,209,221.0,253.97,221.0,23,220.28,251.96,266.46,275.78
2025-07-24,21,용산구,3,생활용품,186,176.0,198.56,176.0,23,173.27,196.54,205.81,211.81
2025-07-24,3,강북구,4,전자/가전,74,66.0,77.9,66.0,23,66.36,80.14,84.19,98.77
2025-07-24,13,마포구,5,도서/문구,122,122.0,128.93,122.0,23,114.44,130.74,135.12,143.92
2025-07-24,11,동대문구,2,식품/신선,207,206.0,219.48,206.0,23,199.43,224.61,233.64,241.25
2025-07-24,22,은평구,5,도서/문구,122,103.0,110.09,103.0,23,96.03,112.23,119.64,126.71
2025-07-24,12,동작구,1,패션/잡화,270,248.0,264.17,248.0,23,245.54,272.6,279.22,289.95
2025-07-24,3,강북구,3,생활용품,159,146.0,162.46,146.0,23,139.57,165.21,175.25,184.81
2025-07-24,23,종로구,1,패션/잡화,78,72.0,82.04,72.0,23,68.51,84.01,90.51,103.23
2025-07-24,20,영등포구,5,도서/문구,128,104.0,125.27,104.0,23,106.08,121.87,128.19,138.27
2025-07-24,7,구로구,4,전자/가전,112,118.0,124.35,118.0,23,107.72,127.14,132.57,141.48
2025-07-24,20,영등포구,2,식품/신선,288,277.0,295.49,277.0,23,260.0,294.97,310.77,312.51
2025-07-24,9,노원구,4,전자/가전,165,158.0,144.08,158.0,23,128.75,150.88,157.79,169.06
2025-07-24,7,구로구,3,생활용품,311,317.0,314.7,317.0,23,285.73,322.3,324.22,341.48
2025-07-24,10,도봉구,3,생활용품,193,164.0,197.23,164.0,23,172.43,195.38,198.79,210.91
2025-07-24,18,송파구,5,도서/문구,241,245.0,264.07,245.0,23,235.66,262.61,275.51,283.43
2025-07-24,16,성동구,4,전자/가전,93,96.0,98.38,96.0,23,83.78,101.69,107.44,116.54
2025-07-24,18,송파구,4,전자/가전,295,297.0,309.62,297.0,23,280.33,310.17,321.94,322.45
2025-07-24,9,노원구,3,생활용품,397,373.0,389.68,373.0,23,351.49,388.74,402.86,416.66
2025-07-24,15,서초구,4,전자/가전,171,157.0,157.1,157.0,23,139.87,159.72,167.32,177.53
2025-07-24,25,중랑구,1,패션/잡화,236,240.0,238.97,240.0,23,208.76,239.59,249.94,262.03
2025-07-24,1,강남구,2,식품/신선,459,484.0,503.5,484.0,23,458.25,507.66,547.78,551.93
2025-07-24,20,영등포구,3,생활용품,342,363.0,363.33,363.0,23,333.15,368.06,379.27,385.39
2025-07-24,18,송파구,3,생활용품,699,751.0,756.51,751.0,23,659.76,747.6,784.02,804.79
2025-07-24,1,강남구,3,생활용품,625,690.0,665.12,690.0,23,602.58,671.5,696.82,716.76
2025-07-24,7,구로구,5,도서/문구,119,91.0,98.54,91.0,23,85.46,100.76,107.98,116.54
2025-07-24,15,서초구,3,생활용품,402,438.0,433.31,438.0,23,394.27,426.04,443.12,454.38
2025-07-24,9,노원구,2,식품/신선,278,280.0,312.85,280.0,23,286.01,319.74,324.23,327.24
2025-07-24,1,강남구,4,전자/가전,233,291.0,287.96,291.0,23,264.33,290.97,303.37,305.92
2025-07-24,16,성동구,5,도서/문구,83,76.0,84.12,76.0,23,70.73,85.91,90.99,103.23
2025-07-24,16,성동구,3,생활용품,234,238.0,256.44,238.0,23,230.71,259.68,269.45,280.77
2025-07-24,19,양천구,1,패션/잡화,296,306.0,315.3,306.0,23,287.78,321.93,324.05,341.48
2025-07-24,7,구로구,2,식품/신선,236,242.0,261.72,242.0,23,238.05,267.96,276.03,286.19
2025-07-24,25,중랑구,3,생활용품,270,246.0,261.72,246.0,23,239.85,267.77,276.03,286.19
2025-07-24,24,중구,5,도서/문구,24,27.0,39.49,27.0,23,29.91,39.71,43.85,56.46
2025-07-24,10,도봉구,2,식품/신선,165,146.0,145.49,146.0,23,128.5,146.86,155.15,169.53
2025-07-24,6,광진구,4,전자/가전,98,128.0,123.19,128.0,23,103.96,123.62,132.03,139.6
2025-07-24,1,강남구,5,도서/문구,218,226.0,212.56,226.0,23,194.53,216.11,223.38,233.8
2025-07-24,19,양천구,4,전자/가전,149,128.0,137.67,128.0,23,124.36,138.87,152.0,156.01
2025-07-24,6,광진구,3,생활용품,270,255.0,267.67,255.0,23,246.19,273.03,284.77,289.95
2025-07-24,15,서초구,5,도서/문구,156,124.0,131.65,124.0,23,116.37,134.85,139.58,143.92
2025-07-24,16,성동구,1,패션/잡화,223,218.0,218.27,218.0,23,197.61,222.97,222.42,236.79
2025-07-24,6,광진구,5,도서/문구,95,90.0,92.26,90.0,23,78.99,94.12,101.03,107.91
2025-07-24,19,양천구,3,생활용품,344,347.0,347.47,347.0,23,317.24,345.03,355.16,370.86
2025-07-24,10,도봉구,1,패션/잡화,183,162.0,149.95,162.0,23,138.94,154.82,164.42,170.45
2025-07-24,20,영등포구,1,패션/잡화,301,322.0,328.27,322.0,23,298.49,329.41,336.47,352.36
2025-07-24,7,구로구,1,패션/잡화,245,260.0,274.69,260.0,23,250.68,272.62,287.52,301.85
2025-07-24,16,성동구,2,식품/신선,207,235.0,211.05,235.0,23,189.08,212.31,222.4,229.06
2025-07-24,5,관악구,3,생활용품,452,453.0,441.08,453.0,23,398.29,441.26,465.58,459.79
2025-07-24,19,양천구,2,식품/신선,258,280.0,293.58,280.0,23,266.09,291.93,306.93,317.19
2025-07-24,9,노원구,5,도서/문구,127,122.0,127.98,122.0,23,114.77,129.96,135.62,143.92
2025-07-24,6,광진구,2,식품/신선,187,204.0,218.73,204.0,23,197.61,224.61,219.82,234.63
2025-07-24,18,송파구,2,식품/신선,520,589.0,610.3,589.0,23,547.97,603.56,636.37,656.45
2025-07-24,8,금천구,1,패션/잡화,111,141.0,129.08,141.0,23,114.54,129.0,138.05,145.19
2025-07-24,6,광진구,1,패션/잡화,232,212.0,245.2,212.0,23,217.44,249.33,257.02,263.74
2025-07-24,10,도봉구,4,전자/가전,79,67.0,78.78,67.0,23,67.47,81.07,88.63,100.48
2025-07-24,17,성북구,3,생활용품,302,316.0,314.7,316.0,23,285.73,322.3,325.4,341.48
2025-07-24,8,금천구,4,전자/가전,51,59.0,68.04,59.0,23,57.61,68.95,73.45,82.77
2025-07-24,17,성북구,4,전자/가전,136,116.0,127.98,116.0,23,114.77,129.16,135.54,143.42
2025-07-24,10,도봉구,5,도서/문구,50,58.0,68.04,58.0,23,58.47,68.95,74.23,82.95
2025-07-24,8,금천구,5,도서/문구,59,38.0,52.59,38.0,23,41.02,52.1,62.66,67.0
2025-07-24,8,금천구,3,생활용품,141,153.0,142.93,153.0,23,127.92,144.01,152.94,162.73
2025-07-24,25,중랑구,2,식품/신선,190,214.0,216.83,214.0,23,194.7,218.86,226.31,236.79
2025-07-24,15,서초구,2,식품/신선,318,288.0,331.6,288.0,23,294.91,329.76,344.73,360.05
2025-07-24,5,관악구,4,전자/가전,164,175.0,196.42,175.0,23,166.96,190.43,198.13,205.17
2025-07-24,5,관악구,5,도서/문구,178,160.0,158.7,160.0,23,138.96,156.56,164.16,177.76
2025-07-24,17,성북구,5,도서/문구,114,114.0,110.3,114.0,23,95.95,111.57,117.74,125.53
2025-07-24,17,성북구,2,식품/신선,269,230.0,257.33,230.0,23,230.82,262.88,271.55,282.61
2025-07-24,8,금천구,2,식품/신선,111,107.0,119.03,107.0,23,103.48,115.74,123.75,131.92
2025-07-24,9,노원구,1,패션/잡화,314,326.0,334.06,326.0,23,307.98,338.63,350.82,355.91
2025-07-24,18,송파구,1,패션/잡화,612,612.0,638.43,612.0,23,583.52,627.02,655.37,689.42
2025-07-24,19,양천구,5,도서/문구,102,105.0,110.3,105.0,23,96.3,111.57,118.89,126.23
2025-07-24,20,영등포구,4,전자/가전,177,153.0,146.81,153.0,23,129.15,151.83,156.97,167.54
2025-07-24,17,성북구,1,패션/잡화,278,285.0,274.49,285.0,23,246.3,273.92,290.62,300.19
2025-07-25,18,송파구,1,패션/잡화,608,715.0,680.73,715.0,24,603.81,681.68,699.46,726.45
2025-07-25,11,동대문구,5,도서/문구,98,84.0,89.19,84.0,24,77.46,89.23,95.31,106.36
2025-07-25,24,중구,1,패션/잡화,66,66.0,76.05,66.0,24,63.45,75.4,81.43,91.42
2025-07-25,10,도봉구,1,패션/잡화,169,174.0,173.42,174.0,24,154.06,170.08,178.36,185.97
2025-07-25,22,은평구,3,생활용품,335,343.0,353.26,343.0,24,322.18,351.87,368.73,375.19
2025-07-25,24,중구,3,생활용품,90,90.0,92.98,90.0,24,78.93,95.31,101.0,110.53
2025-07-25,4,강서구,1,패션/잡화,472,505.0,465.56,505.0,24,428.5,463.32,491.35,497.48
2025-07-25,8,금천구,5,도서/문구,49,53.0,52.81,53.0,24,41.7,52.1,62.89,67.0
2025-07-25,2,강동구,4,전자/가전,168,171.0,161.09,171.0,24,139.4,162.35,170.43,182.75
2025-07-25,7,구로구,1,패션/잡화,290,261.0,270.89,261.0,24,246.3,272.6,284.71,290.13
2025-07-25,8,금천구,3,생활용품,153,145.0,141.79,145.0,24,124.07,139.21,151.0,162.86
2025-07-25,1,강남구,1,패션/잡화,588,577.0,608.3,577.0,24,545.06,602.59,633.48,656.58
2025-07-25,16,성동구,2,식품/신선,188,207.0,208.11,207.0,24,180.59,208.95,215.46,225.26
2025-07-25,9,노원구,2,식품/신선,287,331.0,310.74,331.0,24,285.73,312.9,324.38,337.06
2025-07-25,14,서대문구,1,패션/잡화,196,255.0,229.51,255.0,24,205.94,234.59,240.87,255.98
2025-07-25,17,성북구,1,패션/잡화,294,280.0,283.22,280.0,24,259.55,287.7,301.51,307.7
2025-07-25,19,양천구,3,생활용품,326,337.0,353.57,337.0,24,317.96,351.87,366.27,370.99
2025-07-25,6,광진구,5,도서/문구,87,99.0,95.19,99.0,24,80.79,96.33,102.35,111.79
2025-07-25,17,성북구,4,전자/가전,143,132.0,129.75,132.0,24,115.77,130.31,137.28,144.05
2025-07-25,16,성동구,1,패션/잡화,224,219.0,212.04,219.0,24,192.18,212.25,219.21,229.19
2025-07-25,22,은평구,1,패션/잡화,311,310.0,308.61,310.0,24,283.32,307.33,316.36,324.52
2025-07-25,25,중랑구,3,생활용품,273,289.0,280.39,289.0,24,259.42,286.12,298.93,304.11
2025-07-25,17,성북구,3,생활용품,322,338.0,322.0,338.0,24,292.02,319.99,335.12,351.44
2025-07-25,4,강서구,3,생활용품,543,538.0,529.79,538.0,24,461.51,522.85,560.32,568.55
2025-07-25,2,강동구,3,생활용품,370,410.0,410.64,410.0,24,373.05,411.65,429.37,434.88
2025-07-25,12,동작구,5,도서/문구,102,106.0,104.37,106.0,24,89.55,104.78,111.53,121.56
2025-07-25,8,금천구,1,패션/잡화,140,143.0,134.63,143.0,24,119.43,134.7,143.04,148.06
2025-07-25,6,광진구,4,전자/가전,103,116.0,119.82,116.0,24,101.75,116.62,122.04,128.96
2025-07-25,9,노원구,5,도서/문구,142,136.0,133.85,136.0,24,119.41,135.66,142.79,148.2
2025-07-25,11,동대문구,4,전자/가전,91,103.0,104.19,103.0,24,89.56,104.35,111.85,121.56
2025-07-25,8,금천구,4,전자/가전,57,62.0,68.26,62.0,24,58.3,68.3,74.32,80.82
2025-07-25,19,양천구,4,전자/가전,139,137.0,139.96,137.0,24,124.36,137.14,150.59,159.38
2025-07-25,22,은평구,2,식품/신선,265,261.0,276.04,261.0,24,248.85,274.07,294.67,303.51
2025-07-25,18,송파구,2,식품/신선,590,571.0,604.43,571.0,24,536.91,602.34,626.13,647.76
2025-07-25,13,마포구,1,패션/잡화,329,324.0,342.99,324.0,24,314.98,339.93,353.42,365.02
2025-07-25,3,강북구,1,패션/잡화,161,176.0,173.42,176.0,24,153.79,170.08,178.2,185.97
2025-07-25,4,강서구,2,식품/신선,415,417.0,427.19,417.0,24,393.93,426.69,437.19,443.22
2025-07-25,23,종로구,3,생활용품,92,107.0,96.18,107.0,24,80.93,98.26,102.62,111.79
2025-07-25,14,서대문구,2,식품/신선,190,197.0,203.8,197.0,24,182.84,205.76,210.81,218.83
2025-07-25,1,강남구,4,전자/가전,276,281.0,278.83,281.0,24,248.93,285.12,289.81,299.92
2025-07-25,22,은평구,4,전자/가전,129,147.0,135.73,147.0,24,119.92,136.01,146.33,155.62
2025-07-25,25,중랑구,2,식품/신선,196,234.0,214.86,234.0,24,197.59,220.06,230.68,247.87
2025-07-25,9,노원구,3,생활용품,385,406.0,407.7,406.0,24,368.72,409.49,428.91,433.96
2025-07-25,18,송파구,4,전자/가전,322,272.0,291.71,272.0,24,261.87,292.32,306.7,313.68
2025-07-25,23,종로구,1,패션/잡화,95,89.0,86.53,89.0,24,71.27,86.15,92.53,103.92
2025-07-25,1,강남구,3,생활용품,640,723.0,682.26,723.0,24,608.76,682.25,699.94,726.45
2025-07-25,2,강동구,5,도서/문구,135,124.0,132.23,124.0,24,116.28,134.45,140.92,151.31
2025-07-25,2,강동구,2,식품/신선,299,285.0,312.02,285.0,24,283.41,313.83,323.17,330.13
2025-07-25,15,서초구,5,도서/문구,160,158.0,137.16,158.0,24,120.01,136.41,146.27,153.82
2025-07-25,3,강북구,3,생활용품,167,188.0,183.95,188.0,24,159.86,181.55,190.06,196.04
2025-07-25,7,구로구,4,전자/가전,123,141.0,126.32,141.0,24,111.53,128.65,134.59,143.46
2025-07-25,9,노원구,1,패션/잡화,329,337.0,351.94,337.0,24,321.63,349.62,366.25,374.05
2025-07-25,13,마포구,4,전자/가전,163,152.0,145.53,152.0,24,128.74,151.66,157.71,169.19
2025-07-25,25,중랑구,1,패션/잡화,224,243.0,234.42,243.0,24,206.43,239.59,241.91,258.69
2025-07-25,13,마포구,2,식품/신선,296,292.0,307.75,292.0,24,281.19,310.12,319.43,323.61
2025-07-25,23,종로구,4,전자/가전,34,37.0,44.57,37.0,24,35.34,44.32,50.14,57.11
2025-07-25,12,동작구,4,전자/가전,128,129.0,126.51,129.0,24,113.9,128.92,133.7,143.56
2025-07-25,16,성동구,5,도서/문구,97,95.0,87.47,95.0,24,71.92,87.09,93.01,103.92
2025-07-25,18,송파구,3,생활용품,762,773.0,763.02,773.0,24,662.8,751.65,788.6,808.54
2025-07-25,12,동작구,2,식품/신선,240,259.0,263.29,259.0,24,240.72,270.51,275.35,284.88
2025-07-25,7,구로구,3,생활용품,332,298.0,308.56,298.0,24,283.41,309.34,317.37,328.26
2025-07-25,16,성동구,4,전자/가전,119,116.0,105.56,116.0,24,91.78,105.86,112.94,121.56
2025-07-25,3,강북구,2,식품/신선,143,123.0,139.15,123.0,24,124.43,137.25,147.98,159.33
2025-07-25,25,중랑구,5,도서/문구,79,86.0,92.66,86.0,24,78.36,94.35,100.31,107.78
2025-07-25,7,구로구,2,식품/신선,240,252.0,263.7,252.0,24,238.36,270.51,271.17,284.88
2025-07-25,3,강북구,5,도서/문구,51,73.0,69.39,73.0,24,59.54,70.3,76.11,83.76
2025-07-25,19,양천구,1,패션/잡화,291,320.0,310.02,320.0,24,285.73,318.2,325.01,339.78
2025-07-25,13,마포구,3,생활용품,353,387.0,382.75,387.0,24,347.57,380.97,399.7,412.59
2025-07-25,24,중구,2,식품/신선,67,65.0,70.23,65.0,24,59.53,69.55,75.19,83.51
2025-07-25,16,성동구,3,생활용품,227,271.0,263.13,271.0,24,243.49,270.17,274.52,282.77
2025-07-25,12,동작구,3,생활용품,293,296.0,312.97,296.0,24,281.07,312.07,322.42,326.7
2025-07-25,23,종로구,2,식품/신선,66,75.0,79.48,75.0,24,67.29,81.1,89.38,101.12
2025-07-25,23,종로구,5,도서/문구,22,31.0,41.76,31.0,24,30.6,40.0,44.88,56.46
2025-07-25,9,노원구,4,전자/가전,156,143.0,141.47,143.0,24,124.9,141.02,152.49,166.06
2025-07-25,7,구로구,5,도서/문구,109,99.0,104.37,99.0,24,91.23,104.78,109.93,120.5
2025-07-25,22,은평구,5,도서/문구,112,118.0,115.17,118.0,24,98.0,114.19,121.82,126.92
2025-07-25,13,마포구,5,도서/문구,117,131.0,131.87,131.0,24,116.37,131.05,137.1,144.05
2025-07-25,17,성북구,5,도서/문구,105,105.0,108.06,105.0,24,93.81,109.97,117.94,125.66
2025-07-25,3,강북구,4,전자/가전,67,85.0,82.23,85.0,24,68.18,84.62,89.58,102.85
2025-07-25,18,송파구,5,도서/문구,254,259.0,263.11,259.0,24,240.91,271.61,275.8,282.37
2025-07-25,8,금천구,2,식품/신선,115,113.0,122.32,113.0,24,104.62,124.49,127.85,138.48
2025-07-25,17,성북구,2,식품/신선,227,252.0,259.08,252.0,24,233.04,265.1,271.48,284.88
2025-07-25,12,동작구,1,패션/잡화,268,280.0,269.03,280.0,24,246.3,269.74,280.28,294.78
2025-07-25,5,관악구,3,생활용품,429,432.0,438.42,432.0,24,398.29,435.16,462.17,455.83
2025-07-25,19,양천구,2,식품/신선,252,303.0,303.21,303.0,24,279.51,306.87,311.63,319.96
2025-07-25,5,관악구,4,전자/가전,179,203.0,206.37,203.0,24,178.24,205.12,214.47,223.12
2025-07-25,20,영등포구,1,패션/잡화,342,333.0,330.88,333.0,24,303.13,334.34,344.49,352.49
2025-07-25,11,동대문구,2,식품/신선,218,231.0,211.85,231.0,24,194.2,214.77,222.71,233.93
2025-07-25,21,용산구,2,식품/신선,149,162.0,146.08,162.0,24,131.32,154.25,159.0,169.19
2025-07-25,6,광진구,1,패션/잡화,247,238.0,246.56,238.0,24,227.68,251.91,260.45,272.19
2025-07-25,24,중구,4,전자/가전,34,30.0,42.14,30.0,24,31.34,41.22,47.16,57.11
2025-07-25,25,중랑구,4,전자/가전,124,101.0,101.1,101.0,24,85.68,105.11,112.22,121.74
2025-07-25,19,양천구,5,도서/문구,120,111.0,113.21,111.0,24,96.3,113.06,121.37,126.92
2025-07-25,10,도봉구,4,전자/가전,66,83.0,81.02,83.0,24,68.35,82.53,89.82,101.31
2025-07-25,4,강서구,4,전자/가전,216,235.0,230.47,235.0,24,206.12,230.15,242.84,251.52
2025-07-25,6,광진구,3,생활용품,256,242.0,266.72,242.0,24,245.42,270.94,284.42,288.88
2025-07-25,5,관악구,2,식품/신선,360,351.0,360.08,351.0,24,328.9,361.52,369.28,375.19
2025-07-25,10,도봉구,2,식품/신선,157,149.0,141.79,149.0,24,124.43,140.48,151.64,166.06
2025-07-25,6,광진구,2,식품/신선,224,231.0,212.5,231.0,24,194.72,214.77,223.21,233.93
2025-07-25,21,용산구,3,생활용품,198,237.0,207.91,237.0,24,186.64,210.78,217.38,223.12
2025-07-25,1,강남구,2,식품/신선,499,543.0,527.06,543.0,24,463.15,519.48,556.34,568.84
2025-07-25,20,영등포구,3,생활용품,359,352.0,361.84,352.0,24,328.9,361.75,368.97,380.82
2025-07-25,11,동대문구,1,패션/잡화,210,191.0,212.22,191.0,24,189.21,211.61,219.43,233.4
2025-07-25,21,용산구,5,도서/문구,71,71.0,69.75,71.0,24,59.38,69.61,75.19,84.22
2025-07-25,20,영등포구,4,전자/가전,147,146.0,144.06,146.0,24,128.74,145.41,153.46,164.26
2025-07-25,20,영등포구,5,도서/문구,139,115.0,127.74,115.0,24,107.68,125.52,132.42,142.82
2025-07-25,15,서초구,2,식품/신선,331,330.0,332.54,330.0,24,299.49,331.96,344.34,353.67
2025-07-25,5,관악구,5,도서/문구,153,153.0,150.61,153.0,24,138.7,154.35,159.35,169.02
2025-07-25,11,동대문구,3,생활용품,258,251.0,263.52,251.0,24,238.24,265.53,274.83,284.88
2025-07-25,20,영등포구,2,식품/신선,264,325.0,309.52,325.0,24,283.04,311.54,322.51,331.48
2025-07-25,5,관악구,1,패션/잡화,403,412.0,409.63,412.0,24,370.46,410.42,428.57,434.03
2025-07-25,4,강서구,5,도서/문구,199,178.0,199.69,178.0,24,173.64,196.88,206.88,211.46
2025-07-25,2,강동구,1,패션/잡화,360,359.0,351.94,359.0,24,322.18,349.62,366.25,375.19
2025-07-25,24,중구,5,도서/문구,37,31.0,39.71,31.0,24,29.91,39.71,43.95,56.46
2025-07-25,10,도봉구,3,생활용품,178,205.0,207.76,205.0,24,180.18,207.29,215.9,224.41
2025-07-25,14,서대문구,4,전자/가전,101,107.0,98.85,107.0,24,83.77,100.56,103.4,115.96
2025-07-25,10,도봉구,5,도서/문구,80,68.0,68.26,68.0,24,58.74,68.95,74.32,82.95
2025-07-25,15,서초구,1,패션/잡화,363,380.0,385.93,380.0,24,345.23,379.82,398.79,406.83
2025-07-25,14,서대문구,5,도서/문구,96,76.0,81.32,76.0,24,68.48,84.32,89.65,101.12
2025-07-25,15,서초구,4,전자/가전,169,179.0,174.81,179.0,24,154.81,173.12,182.53,187.66
2025-07-25,15,서초구,3,생활용품,386,455.0,437.13,455.0,24,398.29,428.61,457.67,455.83
2025-07-25,21,용산구,1,패션/잡화,152,172.0,171.99,172.0,24,153.77,167.14,176.29,184.82
2025-07-25,21,용산구,4,전자/가전,77,71.0,79.29,71.0,24,66.32,79.55,85.3,99.41
2025-07-25,1,강남구,5,도서/문구,182,216.0,212.67,216.0,24,194.53,213.69,223.48,233.93
2025-07-25,14,서대문구,3,생활용품,226,255.0,249.41,255.0,24,227.26,247.63,260.42,272.17
2025-07-26,23,종로구,2,식품/신선,55,57.0,61.85,57.0,25,50.15,62.6,68.59,82.62
2025-07-26,1,강남구,5,도서/문구,171,191.0,193.93,191.0,25,173.7,190.78,198.32,200.97
2025-07-26,15,서초구,3,생활용품,325,321.0,345.87,321.0,25,317.47,343.46,357.96,368.43
2025-07-26,3,강북구,2,식품/신선,96,105.0,111.9,105.0,25,97.87,110.25,121.18,130.88
2025-07-26,7,구로구,5,도서/문구,77,89.0,86.58,89.0,25,75.66,84.85,94.22,104.56
2025-07-26,2,강동구,2,식품/신선,216,249.0,262.84,249.0,25,239.01,263.12,273.96,283.71
2025-07-26,20,영등포구,3,생활용품,292,327.0,316.38,327.0,25,289.54,318.79,330.71,338.55
2025-07-26,1,강남구,2,식품/신선,407,418.0,434.02,418.0,25,394.87,434.59,450.55,461.41
2025-07-26,25,중랑구,1,패션/잡화,190,190.0,200.01,190.0,25,174.67,197.69,207.53,215.23
2025-07-26,14,서대문구,4,전자/가전,76,69.0,76.39,69.0,25,63.52,76.67,86.32,98.66
2025-07-26,3,강북구,4,전자/가전,68,64.0,60.49,64.0,25,50.06,62.41,67.94,82.51
2025-07-26,18,송파구,5,도서/문구,165,179.0,206.31,179.0,25,187.17,207.34,217.24,222.94
2025-07-26,4,강서구,5,도서/문구,155,159.0,162.97,159.0,25,140.83,165.33,172.22,180.66
2025-07-26,10,도봉구,3,생활용품,156,156.0,165.33,156.0,25,142.74,167.75,174.99,186.87
2025-07-26,7,구로구,3,생활용품,236,268.0,267.32,268.0,25,245.21,265.89,280.03,283.13
2025-07-26,16,성동구,4,전자/가전,98,70.0,79.14,70.0,25,64.77,84.27,91.78,104.38
2025-07-26,9,노원구,3,생활용품,294,323.0,325.45,323.0,25,295.16,321.93,337.81,347.22
2025-07-26,18,송파구,3,생활용품,539,586.0,608.35,586.0,25,566.8,606.3,630.51,650.61
2025-07-26,18,송파구,4,전자/가전,232,264.0,254.57,264.0,25,232.93,255.15,265.02,275.51
2025-07-26,23,종로구,1,패션/잡화,62,75.0,70.46,75.0,25,58.65,70.86,76.57,86.79
2025-07-26,12,동작구,2,식품/신선,190,192.0,213.39,192.0,25,193.16,213.54,218.39,233.42
2025-07-26,6,광진구,1,패션/잡화,193,201.0,207.44,201.0,25,187.2,206.24,217.07,226.61
2025-07-26,3,강북구,3,생활용품,143,120.0,133.6,120.0,25,116.9,136.59,149.42,158.6
2025-07-26,7,구로구,4,전자/가전,84,92.0,97.35,92.0,25,81.96,98.05,105.3,112.13
2025-07-26,13,마포구,4,전자/가전,129,125.0,124.78,125.0,25,108.37,123.74,133.59,145.26
2025-07-26,21,용산구,3,생활용품,156,144.0,159.05,144.0,25,138.19,167.15,173.72,185.31
2025-07-26,16,성동구,5,도서/문구,51,66.0,67.38,66.0,25,56.33,67.29,73.09,83.03
2025-07-26,11,동대문구,2,식품/신선,153,161.0,178.12,161.0,25,161.35,174.62,178.07,191.19
2025-07-26,5,관악구,1,패션/잡화,316,330.0,324.64,330.0,25,302.07,321.59,344.34,347.22
2025-07-26,3,강북구,1,패션/잡화,131,133.0,130.13,133.0,25,114.36,131.76,138.51,149.43
2025-07-26,13,마포구,3,생활용품,326,320.0,311.28,320.0,25,286.64,314.3,324.99,331.68
2025-07-26,24,중구,4,전자/가전,35,29.0,33.01,29.0,25,23.47,34.33,40.38,57.11
2025-07-26,23,종로구,5,도서/문구,25,24.0,33.01,24.0,25,23.39,34.33,40.38,56.8
2025-07-26,24,중구,2,식품/신선,59,49.0,53.09,49.0,25,42.91,54.65,62.08,74.61
2025-07-26,15,서초구,2,식품/신선,264,282.0,276.74,282.0,25,249.82,274.68,293.23,295.78
2025-07-26,8,금천구,3,생활용품,112,128.0,124.59,128.0,25,108.23,122.4,131.66,142.51
2025-07-26,2,강동구,4,전자/가전,110,133.0,130.41,133.0,25,114.28,128.2,137.09,147.32
2025-07-26,8,금천구,5,도서/문구,39,42.0,42.55,42.0,25,32.96,44.55,54.73,64.22
2025-07-26,25,중랑구,5,도서/문구,68,73.0,73.49,73.0,25,61.8,75.19,81.64,90.91
2025-07-26,13,마포구,1,패션/잡화,256,272.0,277.33,272.0,25,250.92,275.77,293.98,294.64
2025-07-26,17,성북구,2,식품/신선,201,211.0,212.56,211.0,25,193.16,213.54,218.7,233.42
2025-07-26,21,용산구,1,패션/잡화,156,164.0,138.04,164.0,25,122.56,139.07,148.17,161.34
2025-07-26,20,영등포구,5,도서/문구,90,92.0,97.0,92.0,25,83.89,97.75,107.81,115.73
2025-07-26,24,중구,1,패션/잡화,63,63.0,60.49,63.0,25,47.0,60.22,67.66,80.82
2025-07-26,15,서초구,1,패션/잡화,270,302.0,309.21,302.0,25,284.29,308.7,322.44,320.16
2025-07-26,8,금천구,4,전자/가전,35,67.0,52.25,67.0,25,42.88,54.19,61.71,72.9
2025-07-26,10,도봉구,5,도서/문구,36,56.0,52.25,56.0,25,42.92,54.19,61.71,72.9
2025-07-26,12,동작구,5,도서/문구,86,89.0,86.58,89.0,25,73.74,84.85,94.22,104.56
2025-07-26,2,강동구,3,생활용품,315,339.0,341.8,339.0,25,315.68,341.44,352.52,362.81
2025-07-26,5,관악구,3,생활용품,359,341.0,350.95,341.0,25,322.47,348.36,371.83,378.25
2025-07-26,17,성북구,3,생활용품,285,274.0,267.32,274.0,25,245.21,266.77,285.38,288.6
2025-07-26,17,성북구,4,전자/가전,77,106.0,106.06,106.0,25,93.5,104.04,117.43,119.57
2025-07-26,12,동작구,3,생활용품,224,263.0,261.51,263.0,25,244.44,265.89,274.62,283.32
2025-07-26,5,관악구,2,식품/신선,279,278.0,292.39,278.0,25,268.12,291.66,311.47,312.37
2025-07-26,12,동작구,4,전자/가전,102,92.0,98.42,92.0,25,84.33,98.46,107.68,115.73
2025-07-26,9,노원구,2,식품/신선,207,222.0,244.3,222.0,25,216.99,244.46,248.38,266.7
2025-07-26,5,관악구,5,도서/문구,111,98.0,121.45,98.0,25,101.67,118.72,128.62,141.77
2025-07-26,23,종로구,3,생활용품,60,69.0,74.17,69.0,25,62.23,75.46,83.69,91.08
2025-07-26,14,서대문구,5,도서/문구,61,62.0,66.43,62.0,25,54.17,65.17,72.11,82.96
2025-07-26,18,송파구,2,식품/신선,438,455.0,472.31,455.0,25,432.72,473.24,499.08,504.09
2025-07-26,21,용산구,2,식품/신선,101,131.0,125.65,131.0,25,110.78,126.5,133.46,146.11
2025-07-26,8,금천구,1,패션/잡화,108,96.0,104.43,96.0,25,91.12,100.57,113.45,121.33
2025-07-26,17,성북구,1,패션/잡화,215,229.0,237.09,229.0,25,209.87,242.39,252.0,259.22
2025-07-26,1,강남구,3,생활용품,526,520.0,517.4,520.0,25,466.8,519.22,539.45,568.34
2025-07-26,17,성북구,5,도서/문구,73,90.0,91.28,90.0,25,76.08,91.37,101.85,107.77
2025-07-26,18,송파구,1,패션/잡화,496,535.0,532.87,535.0,25,476.41,525.88,555.89,584.8
2025-07-26,11,동대문구,1,패션/잡화,211,199.0,194.14,199.0,25,174.8,190.31,197.76,209.19
2025-07-26,25,중랑구,2,식품/신선,154,159.0,170.52,159.0,25,153.28,170.07,183.7,194.27
2025-07-26,23,종로구,4,전자/가전,26,16.0,34.79,16.0,25,26.39,36.95,45.82,57.11
2025-07-26,13,마포구,2,식품/신선,230,243.0,247.44,243.0,25,217.56,245.31,261.01,270.68
2025-07-26,9,노원구,1,패션/잡화,269,277.0,276.94,277.0,25,250.95,274.91,294.15,298.16
2025-07-26,10,도봉구,4,전자/가전,62,61.0,61.36,61.0,25,50.47,62.57,68.59,82.62
2025-07-26,2,강동구,5,도서/문구,104,105.0,107.17,105.0,25,93.5,104.04,118.73,128.45
2025-07-26,5,관악구,4,전자/가전,153,165.0,161.99,165.0,25,138.2,164.2,171.2,182.6
2025-07-26,8,금천구,2,식품/신선,94,92.0,94.55,92.0,25,80.18,96.5,104.75,112.13
2025-07-26,20,영등포구,4,전자/가전,103,120.0,123.03,120.0,25,103.96,121.31,132.86,142.97
2025-07-26,13,마포구,5,도서/문구,97,107.0,99.49,107.0,25,85.56,101.94,113.57,119.71
2025-07-26,19,양천구,5,도서/문구,93,106.0,94.43,106.0,25,79.49,94.78,103.52,110.25
2025-07-26,25,중랑구,3,생활용품,232,211.0,226.45,211.0,25,204.1,229.2,234.58,246.04
2025-07-26,22,은평구,4,전자/가전,102,121.0,116.21,121.0,25,99.33,111.84,122.07,133.56
2025-07-26,6,광진구,2,식품/신선,176,164.0,185.53,164.0,25,162.4,183.05,189.19,199.15
2025-07-26,9,노원구,5,도서/문구,92,109.0,104.72,109.0,25,93.59,102.03,117.23,121.69
2025-07-26,1,강남구,1,패션/잡화,457,503.0,484.7,503.0,25,435.95,487.46,507.01,521.81
2025-07-26,20,영등포구,1,패션/잡화,260,237.0,264.02,237.0,25,238.86,266.92,276.34,288.62
2025-07-26,14,서대문구,2,식품/신선,138,156.0,160.35,156.0,25,138.23,167.56,174.99,185.72
2025-07-26,14,서대문구,1,패션/잡화,184,162.0,178.6,162.0,25,156.43,176.11,182.65,193.46
2025-07-26,25,중랑구,4,전자/가전,81,96.0,91.9,96.0,25,76.68,91.34,101.22,108.79
2025-07-26,19,양천구,4,전자/가전,118,115.0,118.94,115.0,25,101.7,116.97,124.35,137.97
2025-07-26,19,양천구,2,식품/신선,204,217.0,229.89,217.0,25,205.57,227.04,241.53,262.44
2025-07-26,6,광진구,3,생활용품,218,227.0,216.22,227.0,25,199.03,220.3,229.14,240.62
2025-07-26,2,강동구,1,패션/잡화,270,276.0,291.52,276.0,25,268.15,290.89,309.29,308.3
2025-07-26,22,은평구,2,식품/신선,199,236.0,234.39,236.0,25,209.87,238.06,243.02,253.55
2025-07-26,7,구로구,1,패션/잡화,240,187.0,213.09,187.0,25,190.68,211.44,221.9,236.77
2025-07-26,4,강서구,4,전자/가전,161,172.0,188.66,172.0,25,162.74,186.04,192.89,199.22
2025-07-26,4,강서구,1,패션/잡화,379,425.0,399.95,425.0,25,368.67,406.07,424.43,431.53
2025-07-26,4,강서구,2,식품/신선,351,315.0,329.46,315.0,25,303.87,328.88,349.32,360.44
2025-07-26,11,동대문구,3,생활용품,205,187.0,208.53,187.0,25,187.96,207.67,216.47,229.51
2025-07-26,24,중구,3,생활용품,69,86.0,78.43,86.0,25,65.02,77.24,83.38,98.7
2025-07-26,10,도봉구,1,패션/잡화,104,131.0,130.13,131.0,25,114.62,131.76,138.67,150.86
2025-07-26,22,은평구,3,생활용품,266,289.0,304.17,289.0,25,280.4,306.78,315.43,315.74
2025-07-26,16,성동구,1,패션/잡화,177,212.0,196.65,212.0,25,179.12,192.1,197.54,205.25
2025-07-26,21,용산구,5,도서/문구,67,53.0,52.61,53.0,25,42.94,54.7,62.08,76.17
2025-07-26,6,광진구,5,도서/문구,73,81.0,78.7,81.0,25,65.14,79.03,86.84,98.35
2025-07-26,11,동대문구,5,도서/문구,75,61.0,69.48,61.0,25,58.8,70.08,74.35,86.39
2025-07-26,10,도봉구,2,식품/신선,114,111.0,111.9,111.0,25,97.87,113.25,122.5,133.57
2025-07-26,19,양천구,3,생활용품,255,279.0,289.39,279.0,25,268.15,291.66,306.21,308.3
2025-07-26,11,동대문구,4,전자/가전,97,83.0,84.44,83.0,25,71.54,84.35,93.08,104.56
2025-07-26,3,강북구,5,도서/문구,46,50.0,52.25,50.0,25,42.92,54.13,61.82,74.13
2025-07-26,16,성동구,2,식품/신선,180,154.0,155.36,154.0,25,137.76,160.75,171.59,176.85
2025-07-26,16,성동구,3,생활용품,175,207.0,213.11,207.0,25,193.16,213.41,221.14,232.7
2025-07-26,22,은평구,1,패션/잡화,244,263.0,261.15,263.0,25,239.01,259.67,264.41,276.68
2025-07-26,6,광진구,4,전자/가전,101,85.0,93.64,85.0,25,79.18,94.78,103.66,109.06
2025-07-26,21,용산구,4,전자/가전,54,73.0,67.29,73.0,25,55.07,65.59,72.48,83.03
2025-07-26,24,중구,5,도서/문구,21,12.0,30.89,12.0,25,21.89,32.79,37.47,56.46
2025-07-26,4,강서구,3,생활용품,405,404.0,434.02,404.0,25,394.87,433.77,450.55,461.41
2025-07-26,15,서초구,4,전자/가전,129,129.0,130.8,129.0,25,114.72,133.33,140.41,150.86
2025-07-26,15,서초구,5,도서/문구,111,114.0,106.45,114.0,25,93.46,104.02,118.69,121.69
2025-07-26,12,동작구,1,패션/잡화,210,222.0,216.91,222.0,25,199.03,221.11,228.98,238.17
2025-07-26,19,양천구,1,패션/잡화,241,283.0,266.84,283.0,25,245.21,265.12,279.85,283.67
2025-07-26,7,구로구,2,식품/신선,200,178.0,207.07,178.0,25,187.96,206.38,216.8,229.51
2025-07-26,14,서대문구,3,생활용품,174,194.0,207.64,194.0,25,183.29,207.01,217.33,226.61
2025-07-26,22,은평구,5,도서/문구,99,94.0,94.29,94.0,25,78.21,94.07,105.11,110.25
2025-07-26,9,노원구,4,전자/가전,101,162.0,129.5,162.0,25,117.7,125.08,137.87,154.47
2025-07-26,1,강남구,4,전자/가전,219,201.0,218.59,201.0,25,199.0,223.12,230.86,238.42
2025-07-26,20,영등포구,2,식품/신선,215,211.0,237.97,211.0,25,211.13,234.07,243.37,263.32
2025-07-27,23,종로구,4,전자/가전,32,37.0,35.07,37.0,26,26.81,37.43,45.84,57.11
2025-07-27,17,성북구,5,도서/문구,75,70.0,85.68,70.0,26,68.62,87.82,93.47,106.82
2025-07-27,10,도봉구,1,패션/잡화,112,115.0,122.24,115.0,26,102.85,119.31,127.95,142.93
2025-07-27,10,도봉구,5,도서/문구,39,62.0,52.01,62.0,26,40.51,52.27,59.81,72.11
2025-07-27,8,금천구,2,식품/신선,76,77.0,93.93,77.0,26,76.84,93.87,99.24,110.68
2025-07-27,19,양천구,3,생활용품,232,246.0,258.96,246.0,26,233.89,265.24,275.44,285.39
2025-07-27,5,관악구,4,전자/가전,122,135.0,147.45,135.0,26,121.59,141.42,153.01,163.75
2025-07-27,15,서초구,2,식품/신선,243,220.0,252.32,220.0,26,217.75,254.89,266.0,277.23
2025-07-27,10,도봉구,4,전자/가전,70,67.0,66.27,67.0,26,52.29,65.51,70.61,80.73
2025-07-27,2,강동구,3,생활용품,295,333.0,313.48,333.0,26,291.13,320.57,322.68,331.64
2025-07-27,12,동작구,5,도서/문구,76,79.0,81.25,79.0,26,66.47,83.29,90.37,104.08
2025-07-27,15,서초구,5,도서/문구,83,78.0,96.43,78.0,26,78.13,100.19,108.95,113.08
2025-07-27,5,관악구,3,생활용품,332,334.0,323.77,334.0,26,292.78,321.84,342.07,346.04
2025-07-27,2,강동구,5,도서/문구,95,122.0,113.36,122.0,26,94.4,109.77,116.89,129.42
2025-07-27,6,광진구,5,도서/문구,55,68.0,70.7,68.0,26,58.62,71.58,79.06,86.89
2025-07-27,17,성북구,3,생활용품,248,226.0,235.06,226.0,26,211.32,242.92,243.97,265.61
2025-07-27,2,강동구,1,패션/잡화,272,267.0,266.72,267.0,26,246.62,269.88,284.54,285.74
2025-07-27,21,용산구,5,도서/문구,55,49.0,52.37,49.0,26,41.08,52.78,60.33,74.23
2025-07-27,20,영등포구,4,전자/가전,124,120.0,119.47,120.0,26,100.99,115.22,120.13,132.83
2025-07-27,19,양천구,5,도서/문구,83,112.0,94.28,112.0,26,79.6,93.57,100.82,110.18
2025-07-27,9,노원구,1,패션/잡화,252,275.0,261.21,275.0,26,241.56,269.85,279.14,282.55
2025-07-27,13,마포구,2,식품/신선,210,228.0,223.32,228.0,26,200.45,225.08,235.31,257.89
2025-07-27,16,성동구,1,패션/잡화,167,168.0,170.54,168.0,26,153.73,168.62,175.91,187.72
2025-07-27,24,중구,2,식품/신선,44,49.0,52.85,49.0,26,41.05,52.73,60.33,72.67
2025-07-27,6,광진구,4,전자/가전,62,100.0,96.06,100.0,26,79.48,93.3,101.32,109.92
2025-07-27,12,동작구,4,전자/가전,86,126.0,103.01,126.0,26,88.32,99.37,109.03,116.87
2025-07-27,17,성북구,4,전자/가전,81,76.0,95.08,76.0,26,78.17,98.67,108.81,113.08
2025-07-27,14,서대문구,3,생활용품,164,199.0,199.53,199.0,26,181.76,200.63,206.06,212.02
2025-07-27,11,동대문구,4,전자/가전,68,94.0,86.28,94.0,26,73.42,82.44,91.97,104.42
2025-07-27,13,마포구,1,패션/잡화,239,249.0,258.23,249.0,26,235.98,265.23,274.79,282.55
2025-07-27,25,중랑구,5,도서/문구,72,69.0,70.89,69.0,26,58.19,71.81,79.26,87.54
2025-07-27,8,금천구,5,도서/문구,39,51.0,44.63,51.0,26,34.09,45.33,54.69,64.56
2025-07-27,1,강남구,3,생활용품,472,530.0,492.53,530.0,26,457.67,505.55,536.26,524.08
2025-07-27,8,금천구,3,생활용품,119,106.0,108.87,106.0,26,94.9,109.38,116.65,126.66
2025-07-27,24,중구,1,패션/잡화,53,62.0,60.77,62.0,26,44.38,59.83,66.25,77.31
2025-07-27,21,용산구,1,패션/잡화,135,133.0,128.49,133.0,26,115.44,125.77,136.76,148.55
2025-07-27,1,강남구,1,패션/잡화,432,407.0,432.85,407.0,26,394.16,436.99,446.98,461.83
2025-07-27,20,영등포구,5,도서/문구,114,83.0,96.03,83.0,26,78.13,96.25,105.34,113.25
2025-07-27,2,강동구,4,전자/가전,106,135.0,126.72,135.0,26,111.74,125.78,134.36,147.64
2025-07-27,22,은평구,2,식품/신선,214,215.0,211.53,215.0,26,191.75,208.73,220.26,232.19
2025-07-27,6,광진구,3,생활용품,194,211.0,205.68,211.0,26,189.39,207.25,211.37,221.93
2025-07-27,4,강서구,2,식품/신선,323,320.0,316.98,320.0,26,288.5,321.09,328.81,333.78
2025-07-27,18,송파구,1,패션/잡화,491,507.0,483.17,507.0,26,439.54,486.79,505.22,510.36
2025-07-27,14,서대문구,2,식품/신선,141,145.0,149.19,145.0,26,125.15,149.85,156.21,166.6
2025-07-27,17,성북구,2,식품/신선,162,183.0,200.36,183.0,26,180.88,199.96,206.91,218.24
2025-07-27,4,강서구,3,생활용품,422,400.0,403.07,400.0,26,368.35,404.49,419.57,429.94
2025-07-27,25,중랑구,4,전자/가전,82,78.0,86.59,78.0,26,74.35,87.63,96.71,108.19
2025-07-27,24,중구,5,도서/문구,18,21.0,31.17,21.0,26,22.23,33.27,37.49,56.46
2025-07-27,23,종로구,5,도서/문구,36,41.0,33.29,41.0,26,23.73,34.81,40.4,56.8
2025-07-27,15,서초구,1,패션/잡화,285,312.0,294.24,312.0,26,271.77,293.69,303.83,309.31
2025-07-27,19,양천구,4,전자/가전,102,100.0,108.54,100.0,26,95.19,110.0,117.5,125.13
2025-07-27,5,관악구,2,식품/신선,246,287.0,271.31,287.0,26,246.59,270.65,288.75,291.71
2025-07-27,22,은평구,1,패션/잡화,239,243.0,234.7,243.0,26,211.32,236.74,238.42,258.97
2025-07-27,8,금천구,4,전자/가전,51,46.0,52.01,46.0,26,40.47,52.21,59.81,71.35
2025-07-27,24,중구,4,전자/가전,27,25.0,33.29,25.0,26,23.81,34.81,40.4,57.11
2025-07-27,25,중랑구,2,식품/신선,161,187.0,172.53,187.0,26,154.39,166.96,175.19,185.67
2025-07-27,13,마포구,5,도서/문구,109,86.0,99.14,86.0,26,82.51,100.48,107.66,114.17
2025-07-27,16,성동구,2,식품/신선,151,136.0,149.19,136.0,26,124.93,149.85,156.21,166.66
2025-07-27,12,동작구,2,식품/신선,193,182.0,196.1,182.0,26,178.38,192.16,203.5,212.14
2025-07-27,15,서초구,4,전자/가전,129,151.0,132.17,151.0,26,118.84,130.09,141.62,154.47
2025-07-27,3,강북구,5,도서/문구,56,43.0,52.01,43.0,26,40.51,52.21,59.92,71.43
2025-07-27,1,강남구,2,식품/신선,409,354.0,397.97,354.0,26,351.0,391.19,405.01,413.1
2025-07-27,10,도봉구,3,생활용품,148,157.0,151.82,157.0,26,132.65,149.66,158.19,167.23
2025-07-27,7,구로구,4,전자/가전,102,94.0,94.23,94.0,26,78.9,95.76,103.84,112.06
2025-07-27,21,용산구,3,생활용품,140,137.0,146.54,137.0,26,121.25,144.6,152.78,166.17
2025-07-27,13,마포구,4,전자/가전,100,107.0,121.5,107.0,26,100.99,119.02,124.64,141.62
2025-07-27,22,은평구,4,전자/가전,101,98.0,98.87,98.0,26,83.21,101.92,108.81,118.3
2025-07-27,7,구로구,1,패션/잡화,224,197.0,201.94,197.0,26,183.26,202.06,206.56,221.82
2025-07-27,6,광진구,2,식품/신선,162,176.0,173.45,176.0,26,156.13,166.39,174.35,187.75
2025-07-27,25,중랑구,1,패션/잡화,180,174.0,187.44,174.0,26,163.73,183.49,189.89,198.74
2025-07-27,18,송파구,3,생활용품,506,526.0,574.17,526.0,26,523.1,567.07,599.67,614.32
2025-07-27,24,중구,3,생활용품,52,70.0,71.21,70.0,26,59.09,72.45,78.95,88.14
2025-07-27,20,영등포구,3,생활용품,262,271.0,284.75,271.0,26,260.72,288.79,300.34,302.21
2025-07-27,1,강남구,4,전자/가전,182,201.0,205.03,201.0,26,183.22,206.36,211.7,221.93
2025-07-27,20,영등포구,1,패션/잡화,243,248.0,245.03,248.0,26,226.51,250.66,256.63,272.52
2025-07-27,23,종로구,1,패션/잡화,58,69.0,66.84,69.0,26,54.68,65.57,72.99,83.03
2025-07-27,11,동대문구,2,식품/신선,138,137.0,150.33,137.0,26,132.94,153.23,158.13,172.07
2025-07-27,20,영등포구,2,식품/신선,203,234.0,218.28,234.0,26,198.12,222.43,227.17,245.4
2025-07-27,3,강북구,4,전자/가전,59,53.0,56.61,53.0,26,46.15,61.43,66.53,76.77
2025-07-27,14,서대문구,4,전자/가전,63,69.0,75.55,69.0,26,62.4,74.88,82.78,98.52
2025-07-27,18,송파구,5,도서/문구,167,194.0,193.25,194.0,26,165.74,189.55,201.0,204.09
2025-07-27,9,노원구,4,전자/가전,136,117.0,123.12,117.0,26,102.83,120.87,128.66,146.06
2025-07-27,16,성동구,3,생활용품,157,192.0,200.2,192.0,26,180.76,200.72,206.06,214.43
2025-07-27,7,구로구,2,식품/신선,160,182.0,200.36,182.0,26,178.38,198.5,206.6,211.65
2025-07-27,4,강서구,5,도서/문구,122,151.0,151.43,151.0,26,132.86,149.78,157.53,167.03
2025-07-27,12,동작구,1,패션/잡화,216,192.0,202.1,192.0,26,183.26,202.06,206.56,218.24
2025-07-27,7,구로구,3,생활용품,236,245.0,242.09,245.0,26,217.09,242.92,260.47,265.56
2025-07-27,16,성동구,4,전자/가전,61,75.0,78.12,75.0,26,63.64,81.26,88.88,103.38
2025-07-27,9,노원구,3,생활용품,253,275.0,284.25,275.0,26,260.75,288.56,305.57,304.26
2025-07-27,21,용산구,4,전자/가전,56,54.0,57.77,54.0,26,47.85,62.97,68.53,78.3
2025-07-27,6,광진구,1,패션/잡화,193,194.0,198.06,194.0,26,180.01,195.99,202.7,210.49
2025-07-27,18,송파구,4,전자/가전,259,266.0,245.89,266.0,26,225.97,249.48,255.85,265.88
2025-07-27,19,양천구,1,패션/잡화,237,251.0,244.19,251.0,26,226.54,247.79,260.3,272.52
2025-07-27,23,종로구,2,식품/신선,64,58.0,62.25,58.0,26,48.53,62.37,67.78,79.24
2025-07-27,3,강북구,3,생활용품,135,141.0,131.59,141.0,26,119.06,129.54,141.19,152.5
2025-07-27,16,성동구,5,도서/문구,52,57.0,66.84,57.0,26,53.51,66.4,72.69,82.85
2025-07-27,18,송파구,2,식품/신선,410,465.0,439.81,465.0,26,400.95,446.02,463.52,465.79
2025-07-27,23,종로구,3,생활용품,74,54.0,70.08,54.0,26,57.33,70.99,78.72,86.89
2025-07-27,22,은평구,3,생활용품,273,273.0,270.24,273.0,26,247.37,270.65,285.02,286.91
2025-07-27,5,관악구,5,도서/문구,108,108.0,109.78,108.0,26,95.15,110.16,117.54,129.82
2025-07-27,4,강서구,1,패션/잡화,375,369.0,361.33,369.0,26,339.31,371.52,380.46,386.46
2025-07-27,9,노원구,2,식품/신선,223,243.0,235.15,243.0,26,211.32,235.95,247.75,259.27
2025-07-27,2,강동구,2,식품/신선,214,230.0,236.39,230.0,26,211.32,245.56,243.19,263.16
2025-07-27,11,동대문구,1,패션/잡화,176,185.0,188.75,185.0,26,165.52,181.69,195.12,204.05
2025-07-27,5,관악구,1,패션/잡화,265,296.0,300.08,296.0,26,274.67,304.76,312.37,310.77
2025-07-27,13,마포구,3,생활용품,293,262.0,273.35,262.0,26,247.33,272.67,287.95,293.48
2025-07-27,9,노원구,5,도서/문구,90,98.0,97.8,98.0,26,82.54,99.7,107.83,114.17
2025-07-27,21,용산구,2,식품/신선,102,101.0,109.77,101.0,26,95.58,111.97,116.52,131.57
2025-07-27,12,동작구,3,생활용품,241,249.0,242.09,249.0,26,217.09,242.92,256.49,266.11
2025-07-27,14,서대문구,5,도서/문구,61,72.0,67.97,72.0,26,54.45,66.2,72.08,82.85
2025-07-27,3,강북구,1,패션/잡화,119,137.0,126.56,137.0,26,111.49,124.47,132.88,147.64
2025-07-27,22,은평구,5,도서/문구,91,100.0,96.24,100.0,26,79.6,93.72,102.41,110.18
2025-07-27,7,구로구,5,도서/문구,76,77.0,81.25,77.0,26,66.82,83.29,89.42,103.38
2025-07-27,10,도봉구,2,식품/신선,93,118.0,120.3,118.0,26,99.3,118.66,125.14,142.93
2025-07-27,4,강서구,4,전자/가전,162,168.0,177.08,168.0,26,159.11,170.63,177.34,189.24
2025-07-27,8,금천구,1,패션/잡화,96,102.0,97.64,102.0,26,82.18,98.3,106.5,114.17
2025-07-27,19,양천구,2,식품/신선,208,203.0,206.78,203.0,26,183.26,207.63,215.3,229.96
2025-07-27,14,서대문구,1,패션/잡화,135,141.0,149.87,141.0,26,134.8,152.45,159.28,169.02
2025-07-27,3,강북구,2,식품/신선,107,122.0,111.03,122.0,26,97.08,110.01,116.26,128.47
2025-07-27,11,동대문구,5,도서/문구,71,70.0,69.77,70.0,26,57.85,69.22,75.19,87.04
2025-07-27,15,서초구,3,생활용품,296,285.0,308.05,285.0,26,281.93,311.15,317.63,316.73
2025-07-27,17,성북구,1,패션/잡화,221,221.0,211.31,221.0,26,191.75,214.55,216.84,233.23
2025-07-27,1,강남구,5,도서/문구,176,148.0,154.8,148.0,26,138.22,158.12,164.22,171.91
2025-07-27,25,중랑구,3,생활용품,185,206.0,206.04,206.0,26,183.12,206.36,211.69,222.2
2025-07-27,11,동대문구,3,생활용품,173,205.0,204.62,205.0,26,186.42,203.52,211.37,222.01
2025-07-28,24,중구,3,생활용품,94,95.0,110.65,95.0,27,95.67,108.65,112.77,121.76
2025-07-28,2,강동구,1,패션/잡화,361,388.0,419.55,388.0,27,366.22,413.45,439.21,441.63
2025-07-28,1,강남구,5,도서/문구,248,234.0,249.13,234.0,27,225.14,252.36,264.63,277.66
2025-07-28,25,중랑구,3,생활용품,291,295.0,315.07,295.0,27,286.99,318.74,319.48,328.48
2025-07-28,1,강남구,2,식품/신선,610,669.0,670.9,669.0,27,568.99,658.54,693.19,709.36
2025-07-28,25,중랑구,4,전자/가전,108,121.0,133.64,121.0,27,120.04,134.77,139.69,148.84
2025-07-28,1,강남구,1,패션/잡화,640,686.0,749.99,686.0,27,629.97,719.1,760.53,777.69
2025-07-28,25,중랑구,1,패션/잡화,261,259.0,262.62,259.0,27,242.23,271.3,279.61,290.95
2025-07-28,1,강남구,3,생활용품,724,721.0,777.86,721.0,27,631.85,759.43,779.32,807.23
2025-07-28,1,강남구,4,전자/가전,312,297.0,323.14,297.0,27,294.14,324.74,329.56,340.0
2025-07-28,24,중구,4,전자/가전,34,34.0,51.29,34.0,27,38.28,47.37,51.48,61.12
2025-07-28,2,강동구,2,식품/신선,362,396.0,404.43,396.0,27,352.76,408.36,424.24,433.48
2025-07-28,24,중구,5,도서/문구,35,21.0,48.85,21.0,27,36.77,45.69,48.87,60.1
2025-07-28,24,중구,2,식품/신선,67,80.0,90.67,80.0,27,75.54,86.32,94.2,105.63
2025-07-28,25,중랑구,2,식품/신선,254,246.0,261.03,246.0,27,233.58,264.43,274.12,289.14
2025-07-28,12,동작구,5,도서/문구,102,108.0,126.59,108.0,27,107.09,124.44,130.39,140.51
2025-07-28,7,구로구,4,전자/가전,150,136.0,143.72,136.0,27,123.75,143.24,148.79,160.11
2025-07-28,19,양천구,2,식품/신선,344,343.0,359.93,343.0,27,320.76,364.75,368.43,376.39
2025-07-28,15,서초구,4,전자/가전,184,178.0,195.31,178.0,27,176.66,195.15,209.3,212.07
2025-07-28,6,광진구,5,도서/문구,100,95.0,110.14,95.0,27,95.53,108.49,112.99,121.57
2025-07-28,10,도봉구,3,생활용품,208,228.0,246.18,228.0,27,216.93,243.76,263.35,277.66
2025-07-28,19,양천구,3,생활용품,380,408.0,419.62,408.0,27,369.92,413.4,439.69,441.63
2025-07-28,19,양천구,4,전자/가전,161,161.0,174.31,161.0,27,151.31,169.89,184.56,190.54
2025-07-28,15,서초구,3,생활용품,440,490.0,486.23,490.0,27,420.83,475.05,497.36,512.61
2025-07-28,10,도봉구,4,전자/가전,87,88.0,100.16,88.0,27,82.6,99.36,104.19,114.64
2025-07-28,6,광진구,4,전자/가전,120,126.0,140.82,126.0,27,122.7,137.42,148.37,155.86
2025-07-28,19,양천구,5,도서/문구,130,124.0,134.12,124.0,27,121.18,135.04,142.15,150.17
2025-07-28,6,광진구,3,생활용품,288,324.0,327.5,324.0,27,298.37,323.45,341.21,351.66
2025-07-28,20,영등포구,1,패션/잡화,352,388.0,405.29,388.0,27,350.0,402.37,419.76,433.44
2025-07-28,15,서초구,2,식품/신선,423,396.0,420.55,396.0,27,362.1,414.43,437.04,440.89
2025-07-28,10,도봉구,5,도서/문구,69,82.0,92.18,82.0,27,75.44,85.39,93.87,104.72
2025-07-28,6,광진구,2,식품/신선,274,295.0,288.73,295.0,27,251.27,289.62,304.8,312.05
2025-07-28,20,영등포구,2,식품/신선,363,388.0,388.29,388.0,27,337.95,384.27,403.52,412.25
2025-07-28,6,광진구,1,패션/잡화,275,317.0,311.18,317.0,27,282.25,308.92,317.2,321.23
2025-07-28,20,영등포구,3,생활용품,414,428.0,440.72,428.0,27,380.09,433.97,466.6,463.59
2025-07-28,15,서초구,1,패션/잡화,444,417.0,445.44,417.0,27,394.05,433.19,464.81,471.84
2025-07-28,9,노원구,2,식품/신선,336,367.0,388.97,367.0,27,347.63,385.23,404.38,407.37
2025-07-28,5,관악구,5,도서/문구,170,188.0,193.17,188.0,27,158.88,190.38,203.72,211.72
2025-07-28,20,영등포구,4,전자/가전,188,193.0,197.32,193.0,27,162.76,195.06,206.36,216.7
2025-07-28,5,관악구,4,전자/가전,234,210.0,218.73,210.0,27,197.87,218.77,234.91,241.19
2025-07-28,20,영등포구,5,도서/문구,143,147.0,150.14,147.0,27,137.6,153.54,157.67,165.91
2025-07-28,14,서대문구,5,도서/문구,92,84.0,100.45,84.0,27,82.74,98.51,104.3,114.64
2025-07-28,11,동대문구,2,식품/신선,278,241.0,256.64,241.0,27,230.53,264.28,273.43,285.51
2025-07-28,5,관악구,3,생활용품,487,506.0,512.76,506.0,27,429.52,507.54,524.17,544.36
2025-07-28,7,구로구,1,패션/잡화,299,296.0,324.77,296.0,27,296.68,321.66,334.58,351.59
2025-07-28,10,도봉구,2,식품/신선,209,219.0,203.96,219.0,27,167.17,204.71,214.51,224.6
2025-07-28,19,양천구,1,패션/잡화,348,377.0,397.11,377.0,27,348.94,395.59,419.45,433.44
2025-07-28,7,구로구,2,식품/신선,306,296.0,315.13,296.0,27,285.61,321.59,326.19,339.03
2025-07-28,9,노원구,1,패션/잡화,385,358.0,409.44,358.0,27,350.22,395.07,423.21,434.22
2025-07-28,17,성북구,2,식품/신선,324,322.0,326.69,322.0,27,293.96,322.62,337.74,350.7
2025-07-28,16,성동구,5,도서/문구,85,102.0,100.45,102.0,27,82.74,100.49,104.78,114.64
2025-07-28,9,노원구,3,생활용품,419,469.0,467.89,469.0,27,411.74,466.12,484.03,491.75
2025-07-28,8,금천구,5,도서/문구,54,54.0,70.09,54.0,27,57.01,63.75,69.36,78.5
2025-07-28,17,성북구,3,생활용품,362,375.0,390.77,375.0,27,348.02,385.23,406.11,416.85
2025-07-28,16,성동구,4,전자/가전,119,124.0,128.1,124.0,27,113.41,128.03,132.71,144.4
2025-07-28,8,금천구,4,전자/가전,75,67.0,87.69,67.0,27,72.73,84.62,90.32,100.96
2025-07-28,17,성북구,4,전자/가전,137,159.0,150.77,159.0,27,137.39,156.63,165.5,166.2
2025-07-28,8,금천구,3,생활용품,174,164.0,184.15,164.0,27,154.15,179.59,186.41,193.79
2025-07-28,16,성동구,3,생활용품,294,311.0,314.88,311.0,27,285.5,315.02,323.01,336.54
2025-07-28,17,성북구,5,도서/문구,111,123.0,133.64,123.0,27,116.29,134.96,139.99,148.84
2025-07-28,9,노원구,4,전자/가전,195,197.0,198.38,197.0,27,170.04,199.22,210.27,219.5
2025-07-28,21,용산구,1,패션/잡화,191,192.0,206.02,192.0,27,182.22,206.55,216.71,225.7
2025-07-28,8,금천구,2,식품/신선,127,146.0,146.88,146.0,27,127.31,152.92,155.62,163.24
2025-07-28,8,금천구,1,패션/잡화,151,160.0,161.36,160.0,27,137.5,159.62,168.26,177.27
2025-07-28,18,송파구,2,식품/신선,717,722.0,768.57,722.0,27,629.97,753.17,779.9,800.03
2025-07-28,16,성동구,2,식품/신선,230,238.0,245.23,238.0,27,216.31,243.95,263.35,271.23
2025-07-28,9,노원구,5,도서/문구,150,162.0,158.5,162.0,27,137.86,157.87,167.6,170.02
2025-07-28,7,구로구,5,도서/문구,113,121.0,128.26,121.0,27,115.29,129.18,133.33,144.89
2025-07-28,18,송파구,3,생활용품,849,824.0,852.53,824.0,27,651.9,834.79,848.32,893.4
2025-07-28,16,성동구,1,패션/잡화,283,281.0,272.28,281.0,27,241.16,269.79,289.75,297.85
2025-07-28,2,강동구,3,생활용품,442,436.0,451.95,436.0,27,409.15,454.02,474.74,485.51
2025-07-28,18,송파구,4,전자/가전,349,306.0,334.97,306.0,27,309.71,343.87,353.05,356.0
2025-07-28,10,도봉구,1,패션/잡화,187,189.0,199.18,189.0,27,170.22,200.22,210.93,219.5
2025-07-28,7,구로구,3,생활용품,355,360.0,389.06,360.0,27,348.55,385.23,404.07,411.09
2025-07-28,18,송파구,5,도서/문구,234,269.0,279.73,269.0,27,252.64,280.84,295.34,304.13
2025-07-28,15,서초구,5,도서/문구,144,154.0,152.11,154.0,27,137.6,157.4,161.74,165.91
2025-07-28,18,송파구,1,패션/잡화,720,726.0,777.38,726.0,27,632.03,758.85,778.84,807.23
2025-07-28,14,서대문구,4,전자/가전,108,92.0,113.19,92.0,27,96.66,110.43,115.73,122.84
2025-07-28,11,동대문구,1,패션/잡화,270,300.0,276.89,300.0,27,249.78,283.09,302.49,303.42
2025-07-28,22,은평구,4,전자/가전,133,160.0,159.44,160.0,27,139.02,157.87,167.6,176.12
2025-07-28,12,동작구,1,패션/잡화,305,320.0,327.98,320.0,27,299.57,326.07,336.95,350.7
2025-07-28,4,강서구,1,패션/잡화,554,561.0,612.45,561.0,27,519.14,590.99,626.95,656.28
2025-07-28,22,은평구,3,생활용품,379,384.0,420.03,384.0,27,360.1,414.23,439.69,441.63
2025-07-28,5,관악구,2,식품/신선,452,446.0,443.6,446.0,27,389.73,439.93,470.12,463.47
2025-07-28,13,마포구,5,도서/문구,148,141.0,150.65,141.0,27,137.2,154.93,160.53,165.91
2025-07-28,3,강북구,5,도서/문구,82,62.0,82.59,62.0,27,69.48,81.88,88.66,99.74
2025-07-28,22,은평구,5,도서/문구,125,132.0,141.0,132.0,27,122.82,137.77,148.71,154.82
2025-07-28,12,동작구,2,식품/신선,334,332.0,325.38,332.0,27,291.37,322.62,337.43,350.7
2025-07-28,3,강북구,4,전자/가전,79,78.0,96.57,78.0,27,79.3,93.93,100.98,110.38
2025-07-28,23,종로구,1,패션/잡화,90,90.0,100.45,90.0,27,82.34,99.7,104.31,114.64
2025-07-28,13,마포구,4,전자/가전,184,191.0,199.62,191.0,27,162.76,199.06,210.1,219.5
2025-07-28,3,강북구,3,생활용품,195,213.0,207.92,213.0,27,187.42,211.77,220.48,225.98
2025-07-28,23,종로구,2,식품/신선,99,100.0,100.64,100.0,27,82.41,100.03,104.3,114.64
2025-07-28,13,마포구,3,생활용품,416,418.0,442.27,418.0,27,385.71,434.31,464.69,461.94
2025-07-28,25,중랑구,5,도서/문구,119,97.0,110.32,97.0,27,95.1,108.73,113.31,121.57
2025-07-28,3,강북구,2,식품/신선,171,188.0,195.44,188.0,27,158.42,193.27,202.73,211.72
2025-07-28,23,종로구,3,생활용품,110,117.0,122.25,117.0,27,101.43,117.78,123.25,137.82
2025-07-28,12,동작구,3,생활용품,379,388.0,390.77,388.0,27,348.94,385.23,405.8,416.85
2025-07-28,3,강북구,1,패션/잡화,174,176.0,192.18,176.0,27,163.66,187.73,198.72,205.35
2025-07-28,23,종로구,4,전자/가전,32,47.0,53.92,47.0,27,41.51,49.39,54.78,64.05
2025-07-28,13,마포구,2,식품/신선,389,391.0,391.86,391.0,27,344.11,385.72,405.94,412.49
2025-07-28,12,동작구,4,전자/가전,131,136.0,146.27,136.0,27,126.12,148.56,156.83,164.06
2025-07-28,2,강동구,5,도서/문구,142,163.0,164.25,163.0,27,141.71,160.76,171.32,185.34
2025-07-28,23,종로구,5,도서/문구,33,33.0,51.29,33.0,27,37.96,47.37,51.15,60.45
2025-07-28,2,강동구,4,전자/가전,183,195.0,200.17,195.0,27,172.69,204.36,212.7,219.5
2025-07-28,24,중구,1,패션/잡화,82,83.0,96.44,83.0,27,78.71,91.99,101.14,109.12
2025-07-28,13,마포구,1,패션/잡화,389,376.0,416.14,376.0,27,362.1,413.11,438.05,434.87
2025-07-28,14,서대문구,1,패션/잡화,212,251.0,256.18,251.0,27,230.53,257.5,267.66,285.51
2025-07-28,22,은평구,2,식품/신선,342,360.0,384.88,360.0,27,334.4,384.14,401.96,406.0
2025-07-28,17,성북구,1,패션/잡화,312,332.0,356.49,332.0,27,312.4,349.86,365.02,372.19
2025-07-28,21,용산구,3,생활용품,204,235.0,233.23,235.0,27,203.35,236.41,245.3,256.07
2025-07-28,11,동대문구,4,전자/가전,122,102.0,122.9,102.0,27,104.51,118.47,126.4,136.16
2025-07-28,4,강서구,2,식품/신선,506,562.0,537.82,562.0,27,465.96,516.33,543.01,574.65
2025-07-28,4,강서구,5,도서/문구,206,229.0,236.17,229.0,27,206.21,231.81,247.82,256.07
2025-07-28,14,서대문구,3,생활용품,291,265.0,280.13,265.0,27,254.49,274.91,294.06,304.13
2025-07-28,4,강서구,4,전자/가전,270,272.0,271.67,272.0,27,241.49,270.95,284.64,292.31
2025-07-28,21,용산구,5,도서/문구,86,73.0,87.06,73.0,27,73.29,84.96,90.32,104.13
2025-07-28,14,서대문구,2,식품/신선,238,238.0,238.21,238.0,27,210.31,243.95,246.54,264.12
2025-07-28,4,강서구,3,생활용품,597,598.0,670.9,598.0,27,568.99,658.21,693.19,701.63
2025-07-28,22,은평구,1,패션/잡화,342,348.0,367.25,348.0,27,332.69,366.08,382.0,387.85
2025-07-28,5,관악구,1,패션/잡화,469,410.0,448.07,410.0,27,403.0,444.37,470.52,477.23
2025-07-28,21,용산구,4,전자/가전,85,85.0,100.45,85.0,27,82.69,98.51,104.3,114.64
2025-07-28,21,용산구,2,식품/신선,200,194.0,197.73,194.0,27,163.63,201.18,209.42,219.6
2025-07-28,11,동대문구,5,도서/문구,97,110.0,109.21,110.0,27,95.12,107.54,110.27,120.86
2025-07-28,11,동대문구,3,생활용품,260,311.0,327.5,311.0,27,293.84,327.43,336.73,351.66
2025-07-29,11,동대문구,3,생활용품,262,267.0,303.2,267.0,28,266.74,297.12,313.1,318.54
2025-07-29,9,노원구,2,식품/신선,321,351.0,363.84,351.0,28,334.55,364.63,384.53,390.35
2025-07-29,16,성동구,5,도서/문구,83,95.0,97.14,95.0,28,79.45,98.56,103.61,113.43
2025-07-29,11,동대문구,2,식품/신선,236,257.0,261.56,257.0,28,231.0,259.84,267.04,290.35
2025-07-29,1,강남구,2,식품/신선,635,615.0,633.51,615.0,28,560.9,615.55,656.71,681.89
2025-07-29,12,동작구,3,생활용품,314,381.0,383.3,381.0,28,345.16,377.42,405.55,420.76
2025-07-29,11,동대문구,1,패션/잡화,255,262.0,268.64,262.0,28,240.9,267.77,286.37,295.01
2025-07-29,14,서대문구,5,도서/문구,76,103.0,97.14,103.0,28,79.45,97.94,103.12,113.43
2025-07-29,13,마포구,2,식품/신선,357,355.0,366.89,355.0,28,334.77,365.65,384.36,395.05
2025-07-29,16,성동구,3,생활용품,275,285.0,296.24,285.0,28,266.06,294.38,305.83,318.57
2025-07-29,9,노원구,3,생활용품,411,431.0,440.35,431.0,28,398.15,432.48,469.91,472.98
2025-07-29,14,서대문구,3,생활용품,270,269.0,275.71,269.0,28,244.38,271.87,291.77,300.83
2025-07-29,9,노원구,4,전자/가전,148,197.0,194.57,197.0,28,166.24,190.77,202.27,211.41
2025-07-29,13,마포구,1,패션/잡화,368,376.0,396.35,376.0,28,351.55,382.23,412.15,420.87
2025-07-29,12,동작구,4,전자/가전,142,139.0,137.78,139.0,28,122.91,139.41,148.27,154.99
2025-07-29,16,성동구,4,전자/가전,105,124.0,123.8,124.0,28,105.59,121.07,131.83,140.9
2025-07-29,14,서대문구,1,패션/잡화,234,286.0,261.09,286.0,28,233.37,264.48,275.02,290.35
2025-07-29,13,마포구,3,생활용품,394,405.0,417.96,405.0,28,383.89,414.02,443.16,447.38
2025-07-29,1,강남구,1,패션/잡화,641,710.0,691.24,710.0,28,628.86,685.83,709.33,751.68
2025-07-29,15,서초구,3,생활용품,450,462.0,467.33,462.0,28,425.17,461.61,485.48,493.3
2025-07-29,10,도봉구,3,생활용품,190,235.0,235.95,235.0,28,209.79,229.65,244.87,260.41
2025-07-29,11,동대문구,5,도서/문구,103,93.0,98.94,93.0,28,83.54,100.02,105.43,115.22
2025-07-29,10,도봉구,4,전자/가전,78,94.0,94.76,94.0,28,78.04,95.51,103.12,113.43
2025-07-29,15,서초구,2,식품/신선,366,429.0,415.7,429.0,28,369.68,407.63,440.02,444.87
2025-07-29,25,중랑구,3,생활용품,301,323.0,312.21,323.0,28,284.82,311.73,321.48,339.78
2025-07-29,12,동작구,1,패션/잡화,276,322.0,321.52,322.0,28,289.44,320.11,327.36,348.36
2025-07-29,13,마포구,5,도서/문구,115,143.0,148.6,143.0,28,134.4,152.41,156.12,163.59
2025-07-29,15,서초구,4,전자/가전,184,182.0,193.09,182.0,28,168.99,190.02,204.4,211.41
2025-07-29,10,도봉구,2,식품/신선,166,178.0,190.99,178.0,28,159.85,188.25,195.87,210.23
2025-07-29,14,서대문구,2,식품/신선,197,259.0,251.53,259.0,28,224.28,246.21,266.19,283.66
2025-07-29,15,서초구,5,도서/문구,159,136.0,144.61,136.0,28,123.13,142.27,150.66,156.27
2025-07-29,11,동대문구,4,전자/가전,103,118.0,115.18,118.0,28,100.52,114.12,120.64,128.31
2025-07-29,13,마포구,4,전자/가전,150,176.0,186.73,176.0,28,160.31,185.98,185.78,196.57
2025-07-29,10,도봉구,1,패션/잡화,168,193.0,197.67,193.0,28,171.68,196.88,208.98,218.84
2025-07-29,10,도봉구,5,도서/문구,66,64.0,78.94,64.0,28,67.63,79.62,83.3,94.73
2025-07-29,15,서초구,1,패션/잡화,383,416.0,421.13,416.0,28,391.32,412.97,444.07,449.42
2025-07-29,12,동작구,2,식품/신선,261,301.0,310.26,301.0,28,278.8,307.48,319.83,329.38
2025-07-29,16,성동구,1,패션/잡화,222,275.0,269.14,275.0,28,240.9,266.16,285.35,299.05
2025-07-29,25,중랑구,4,전자/가전,100,135.0,130.5,135.0,28,115.29,128.32,138.13,147.01
2025-07-29,9,노원구,5,도서/문구,143,144.0,143.37,144.0,28,123.13,141.96,150.52,157.81
2025-07-29,16,성동구,2,식품/신선,235,225.0,238.1,225.0,28,210.59,240.32,244.59,258.14
2025-07-29,14,서대문구,4,전자/가전,91,104.0,107.49,104.0,28,92.89,107.44,112.92,120.61
2025-07-29,2,강동구,3,생활용품,435,454.0,445.09,454.0,28,409.62,438.58,472.67,479.91
2025-07-29,17,성북구,1,패션/잡화,285,298.0,335.49,298.0,28,299.48,332.78,342.46,362.34
2025-07-29,4,강서구,2,식품/신선,452,553.0,545.02,553.0,28,480.71,546.48,561.6,583.36
2025-07-29,22,은평구,1,패션/잡화,288,334.0,353.94,334.0,28,317.81,351.41,369.9,376.14
2025-07-29,4,강서구,3,생활용품,531,629.0,662.68,629.0,28,589.01,641.83,680.08,703.4
2025-07-29,2,강동구,1,패션/잡화,391,382.0,404.76,382.0,28,352.19,397.67,425.15,440.76
2025-07-29,21,용산구,5,도서/문구,49,98.0,86.54,98.0,28,73.52,86.09,91.74,102.95
2025-07-29,4,강서구,4,전자/가전,264,264.0,264.72,264.0,28,240.46,267.49,282.23,294.35
2025-07-29,21,용산구,4,전자/가전,81,117.0,102.76,117.0,28,85.18,101.03,106.44,117.87
2025-07-29,22,은평구,2,식품/신선,303,363.0,360.59,363.0,28,325.23,364.28,371.37,380.34
2025-07-29,4,강서구,5,도서/문구,184,214.0,220.82,214.0,28,195.57,219.77,227.0,237.83
2025-07-29,5,관악구,1,패션/잡화,416,477.0,459.52,477.0,28,415.26,459.07,480.51,485.6
2025-07-29,21,용산구,2,식품/신선,197,195.0,197.19,195.0,28,168.97,197.66,207.47,218.84
2025-07-29,5,관악구,2,식품/신선,395,421.0,430.16,421.0,28,389.59,424.69,455.81,455.35
2025-07-29,21,용산구,1,패션/잡화,171,216.0,204.37,216.0,28,174.24,203.58,214.75,226.0
2025-07-29,24,중구,4,전자/가전,38,34.0,46.91,34.0,28,36.85,45.4,51.14,59.83
2025-07-29,5,관악구,3,생활용품,475,486.0,489.32,486.0,28,431.71,486.46,499.37,518.11
2025-07-29,20,영등포구,5,도서/문구,134,139.0,141.46,139.0,28,123.13,140.66,148.56,154.99
2025-07-29,21,용산구,3,생활용품,208,218.0,214.58,218.0,28,189.9,216.26,224.48,239.99
2025-07-29,24,중구,3,생활용품,93,119.0,109.8,119.0,28,94.23,108.4,112.47,120.56
2025-07-29,4,강서구,1,패션/잡화,536,567.0,599.9,567.0,28,527.81,598.86,621.64,654.36
2025-07-29,22,은평구,3,생활용품,390,388.0,400.52,388.0,28,351.34,394.56,423.66,429.69
2025-07-29,24,중구,1,패션/잡화,84,81.0,90.79,81.0,28,74.51,88.44,97.29,107.44
2025-07-29,2,강동구,4,전자/가전,159,163.0,184.25,163.0,28,162.72,185.5,187.94,200.13
2025-07-29,23,종로구,5,도서/문구,36,34.0,46.91,34.0,28,36.53,45.4,50.82,59.89
2025-07-29,2,강동구,5,도서/문구,120,160.0,161.18,160.0,28,137.52,158.14,168.93,180.65
2025-07-29,24,중구,2,식품/신선,75,74.0,83.9,74.0,28,71.23,85.23,89.81,102.34
2025-07-29,23,종로구,4,전자/가전,46,44.0,48.69,44.0,28,39.4,47.89,53.07,59.83
2025-07-29,3,강북구,1,패션/잡화,168,184.0,190.09,184.0,28,162.2,185.84,202.93,209.11
2025-07-29,23,종로구,3,생활용품,100,98.0,100.67,98.0,28,85.97,103.34,108.23,116.78
2025-07-29,2,강동구,2,식품/신선,339,435.0,402.31,435.0,28,352.42,401.64,425.74,437.46
2025-07-29,3,강북구,2,식품/신선,162,192.0,194.51,192.0,28,163.1,188.99,200.78,210.96
2025-07-29,23,종로구,2,식품/신선,91,85.0,94.62,85.0,28,77.12,94.17,101.89,109.68
2025-07-29,3,강북구,3,생활용품,162,192.0,201.05,192.0,28,174.22,201.49,210.58,221.18
2025-07-29,23,종로구,1,패션/잡화,92,98.0,97.14,98.0,28,79.05,97.6,103.13,113.43
2025-07-29,3,강북구,4,전자/가전,72,94.0,93.26,94.0,28,76.65,95.05,101.19,111.67
2025-07-29,22,은평구,5,도서/문구,109,145.0,136.62,145.0,28,119.41,135.05,143.07,148.99
2025-07-29,22,은평구,4,전자/가전,174,148.0,147.14,148.0,28,127.1,151.83,156.56,165.33
2025-07-29,3,강북구,5,도서/문구,71,62.0,74.46,62.0,28,64.35,72.74,78.25,87.15
2025-07-29,5,관악구,4,전자/가전,181,193.0,213.43,193.0,28,187.52,213.01,222.01,232.38
2025-07-29,20,영등포구,4,전자/가전,154,151.0,170.41,151.0,28,147.19,171.19,179.36,189.22
2025-07-29,1,강남구,5,도서/문구,231,246.0,248.7,246.0,28,224.67,248.98,262.67,279.09
2025-07-29,5,관악구,5,도서/문구,149,191.0,188.31,191.0,28,160.04,184.29,193.28,202.08
2025-07-29,7,구로구,4,전자/가전,149,128.0,132.55,128.0,28,116.91,137.58,142.72,150.98
2025-07-29,18,송파구,3,생활용품,713,782.0,785.38,782.0,28,662.8,772.96,801.74,833.87
2025-07-29,25,중랑구,1,패션/잡화,251,268.0,268.66,268.0,28,240.88,266.22,281.75,294.63
2025-07-29,7,구로구,5,도서/문구,112,125.0,123.96,125.0,28,110.1,125.06,132.38,140.9
2025-07-29,18,송파구,2,식품/신선,641,721.0,708.95,721.0,28,635.05,709.03,729.79,771.22
2025-07-29,8,금천구,1,패션/잡화,129,145.0,143.21,145.0,28,122.76,140.66,149.19,161.63
2025-07-29,18,송파구,1,패션/잡화,667,759.0,761.98,759.0,28,652.17,748.69,784.65,808.72
2025-07-29,8,금천구,2,식품/신선,150,147.0,137.02,147.0,28,120.25,138.61,146.91,155.68
2025-07-29,17,성북구,5,도서/문구,106,114.0,124.63,114.0,28,105.59,121.23,130.18,143.91
2025-07-29,1,강남구,3,생활용품,623,743.0,762.47,743.0,28,652.17,749.26,785.13,808.72
2025-07-29,8,금천구,3,생활용품,155,174.0,173.59,174.0,28,156.21,169.16,179.0,190.0
2025-07-29,17,성북구,4,전자/가전,130,150.0,144.84,150.0,28,126.76,146.41,154.08,160.94
2025-07-29,8,금천구,4,전자/가전,79,68.0,78.94,68.0,28,67.58,79.54,83.3,94.29
2025-07-29,17,성북구,3,생활용품,309,353.0,363.94,353.0,28,332.3,364.63,375.13,391.03
2025-07-29,8,금천구,5,도서/문구,56,57.0,57.06,57.0,28,47.29,57.54,68.57,73.77
2025-07-29,17,성북구,2,식품/신선,308,303.0,314.68,303.0,28,278.26,310.22,320.13,325.99
2025-07-29,9,노원구,1,패션/잡화,376,415.0,401.38,415.0,28,353.89,392.14,423.05,437.46
2025-07-29,18,송파구,4,전자/가전,301,319.0,335.39,319.0,28,306.9,337.94,350.5,355.77
2025-07-29,25,중랑구,2,식품/신선,230,257.0,262.15,257.0,28,235.29,265.4,276.33,290.35
2025-07-29,7,구로구,3,생활용품,327,367.0,365.64,367.0,28,332.3,364.63,374.82,395.73
2025-07-29,7,구로구,2,식품/신선,289,330.0,323.78,330.0,28,286.72,318.14,332.21,351.44
2025-07-29,20,영등포구,3,생활용품,374,403.0,416.41,403.0,28,377.28,413.67,443.16,445.35
2025-07-29,6,광진구,1,패션/잡화,257,305.0,306.55,305.0,28,273.1,304.46,310.47,318.17
2025-07-29,20,영등포구,2,식품/신선,351,348.0,363.7,348.0,28,328.39,364.51,371.2,390.11
2025-07-29,6,광진구,2,식품/신선,268,252.0,269.75,252.0,28,240.9,268.27,286.85,294.71
2025-07-29,20,영등포구,1,패션/잡화,337,370.0,387.36,370.0,28,343.02,380.66,403.96,415.07
2025-07-29,6,광진구,3,생활용품,272,305.0,316.44,305.0,28,284.84,313.28,320.79,340.9
2025-07-29,19,양천구,5,도서/문구,127,121.0,128.06,121.0,28,114.77,128.16,134.68,145.81
2025-07-29,19,양천구,4,전자/가전,139,169.0,168.36,169.0,28,154.18,166.48,178.35,186.51
2025-07-29,24,중구,5,도서/문구,27,26.0,46.53,26.0,28,35.87,44.17,48.54,59.55
2025-07-29,6,광진구,4,전자/가전,113,127.0,132.28,127.0,28,115.66,133.14,138.98,148.28
2025-07-29,19,양천구,3,생활용품,367,348.0,398.81,348.0,28,350.95,389.02,421.03,423.93
2025-07-29,12,동작구,5,도서/문구,109,115.0,122.0,115.0,28,102.96,119.3,127.05,137.43
2025-07-29,6,광진구,5,도서/문구,100,81.0,99.88,81.0,28,83.95,100.97,108.15,115.93
2025-07-29,19,양천구,2,식품/신선,310,316.0,336.7,316.0,28,306.54,338.43,351.26,362.34
2025-07-29,1,강남구,4,전자/가전,256,312.0,313.66,312.0,28,285.17,312.71,321.06,340.9
2025-07-29,7,구로구,1,패션/잡화,301,327.0,323.99,327.0,28,290.55,317.37,331.73,353.45
2025-07-29,19,양천구,1,패션/잡화,352,377.0,383.63,377.0,28,342.81,377.85,403.65,415.0
2025-07-29,18,송파구,5,도서/문구,251,304.0,291.69,304.0,28,267.36,299.39,308.6,317.9
2025-07-29,25,중랑구,5,도서/문구,84,100.0,100.06,100.0,28,83.52,102.56,108.48,115.93
